30 657716.384 6860676.067 113.846
30 657716.388 6860676.075 113.861
30 657716.388 6860676.071 113.853
30 657716.392 6860676.068 113.822
30 657716.394 6860676.048 113.841
30 657716.393 6860676.060 113.855
30 657716.400 6860676.053 113.837
30 657716.398 6860676.054 113.827
30 657716.401 6860676.062 113.855
30 657716.397 6860676.063 113.836
30 657716.401 6860676.064 113.829
30 657716.391 6860676.074 113.830
30 657716.396 6860676.064 113.812
30 657716.387 6860676.081 113.840
30 657716.390 6860676.071 113.823
30 657716.382 6860676.062 113.840
30 657716.385 6860676.063 113.834
45 657716.392 6860676.071 113.846
45 657716.387 6860676.071 113.851
45 657716.392 6860676.061 113.835
45 657716.394 6860676.057 113.853
45 657716.398 6860676.056 113.830
45 657716.400 6860676.051 113.856
45 657716.400 6860676.053 113.845
45 657716.397 6860676.066 113.825
45 657716.395 6860676.073 113.831
45 657716.396 6860676.070 113.820
45 657716.386 6860676.072 113.837
45 657716.385 6860676.062 113.835
60 657716.390 6860676.072 113.846
60 657716.391 6860676.070 113.834
60 657716.394 6860676.051 113.847
60 657716.399 6860676.054 113.831
60 657716.406 6860676.058 113.846
60 657716.400 6860676.053 113.847
60 657716.399 6860676.065 113.830
60 657716.393 6860676.069 113.819
60 657716.385 6860676.067 113.834
60 657716.384 6860676.063 113.835
90 657716.389 6860676.071 113.848
90 657716.394 6860676.056 113.840
90 657716.405 6860676.059 113.844
90 657716.400 6860676.053 113.846
90 657716.396 6860676.070 113.829
90 657716.392 6860676.065 113.813
90 657716.385 6860676.064 113.834
120 657716.390 6860676.071 113.842
120 657716.393 6860676.060 113.842
120 657716.397 6860676.052 113.838
120 657716.405 6860676.059 113.840
120 657716.401 6860676.054 113.845
120 657716.399 6860676.056 113.832
120 657716.396 6860676.068 113.823
120 657716.386 6860676.068 113.825
120 657716.384 6860676.064 113.834
180 657716.391 6860676.064 113.845
180 657716.395 6860676.058 113.835
180 657716.402 6860676.057 113.840
180 657716.403 6860676.057 113.841
180 657716.400 6860676.057 113.834
180 657716.397 6860676.063 113.827
180 657716.389 6860676.068 113.822
180 657716.385 6860676.067 113.827
240 657716.393 6860676.062 113.839
240 657716.399 6860676.059 113.837
240 657716.401 6860676.056 113.842
240 657716.401 6860676.058 113.836
240 657716.398 6860676.062 113.829
240 657716.392 6860676.068 113.823
240 657716.388 6860676.068 113.825
300 657716.397 6860676.062 113.839
300 657716.399 6860676.058 113.840
300 657716.401 6860676.056 113.837
300 657716.400 6860676.061 113.831
300 657716.394 6860676.064 113.825
300 657716.391 6860676.067 113.825
360 657716.397 6860676.061 113.841
360 657716.399 6860676.058 113.836
360 657716.399 6860676.060 113.833
360 657716.395 6860676.064 113.826
360 657716.392 6860676.064 113.827

