30 657716.376 6860676.068 113.827
30 657716.374 6860676.065 113.853
30 657716.368 6860676.054 113.839
30 657716.369 6860676.047 113.807
30 657716.373 6860676.052 113.800
30 657716.365 6860676.052 113.825
30 657716.368 6860676.041 113.832
30 657716.375 6860676.028 113.827
30 657716.366 6860676.059 113.820
30 657716.363 6860676.058 113.820
30 657716.365 6860676.056 113.824
30 657716.367 6860676.063 113.815
30 657716.371 6860676.058 113.814
30 657716.378 6860676.076 113.836
30 657716.375 6860676.063 113.819
30 657716.376 6860676.069 113.812
45 657716.380 6860676.068 113.829
45 657716.369 6860676.056 113.843
45 657716.371 6860676.049 113.810
45 657716.370 6860676.045 113.812
45 657716.368 6860676.051 113.824
45 657716.367 6860676.043 113.834
45 657716.369 6860676.027 113.831
45 657716.366 6860676.063 113.820
45 657716.364 6860676.056 113.824
45 657716.367 6860676.062 113.806
45 657716.378 6860676.072 113.831
45 657716.376 6860676.067 113.813
60 657716.378 6860676.066 113.834
60 657716.368 6860676.051 113.822
60 657716.371 6860676.047 113.810
60 657716.367 6860676.051 113.828
60 657716.367 6860676.040 113.820
60 657716.368 6860676.030 113.831
60 657716.364 6860676.059 113.820
60 657716.366 6860676.060 113.819
60 657716.376 6860676.066 113.822
60 657716.377 6860676.067 113.815
90 657716.373 6860676.059 113.836
90 657716.370 6860676.047 113.810
90 657716.367 6860676.045 113.833
90 657716.368 6860676.032 113.832
90 657716.364 6860676.058 113.821
90 657716.377 6860676.067 113.819
120 657716.372 6860676.056 113.830
120 657716.369 6860676.049 113.816
120 657716.367 6860676.047 113.814
120 657716.366 6860676.044 113.825
120 657716.367 6860676.035 113.824
120 657716.364 6860676.044 113.817
120 657716.365 6860676.060 113.820
120 657716.373 6860676.062 113.820
120 657716.377 6860676.066 113.819
180 657716.371 6860676.053 113.822
180 657716.368 6860676.048 113.815
180 657716.367 6860676.044 113.817
180 657716.366 6860676.039 113.828
180 657716.366 6860676.041 113.819
180 657716.365 6860676.052 113.817
180 657716.369 6860676.060 113.817
180 657716.375 6860676.064 113.819
240 657716.369 6860676.051 113.820
240 657716.367 6860676.046 113.817
240 657716.367 6860676.040 113.821
240 657716.365 6860676.042 113.821
240 657716.366 6860676.047 113.817
240 657716.368 6860676.060 113.818
240 657716.371 6860676.061 113.816
300 657716.369 6860676.048 113.821
300 657716.367 6860676.043 113.820
300 657716.366 6860676.043 113.818
300 657716.366 6860676.047 113.819
300 657716.367 6860676.055 113.816
300 657716.369 6860676.061 113.817
360 657716.368 6860676.045 113.822
360 657716.366 6860676.044 113.818
360 657716.366 6860676.046 113.816
360 657716.368 6860676.050 113.816
360 657716.369 6860676.057 113.816

