------------------------------------
PC1 Point contrôle 1 : pont
------------------------------------

PTHN 074 28 28 254 28 28 120 08 07 300 07 58 165 05 16 345 05 05 210 08 48 030 08 41 
TFLE 089 25 31 269 25 29 135 05 14 315 05 03 180 02 20 000 02 09 225 05 51 045 05 48 
BAT4 258 40 08 078 40 09 304 19 34 124 19 40 349 16 42 169 16 44 034 20 17 214 20 28 
CHSL_E 342 31 36 162 31 42 028 11 00 208 11 09 073 08 20 253 08 02 118 11 51 298 12 00 


------------------------------------
S1
------------------------------------
CHSL_E 102 25 13 282 24 48 
PTHN 197 09 53 017 09 47 
TFLE 211 07 58 031 07 54 
BAT4 328 37 17 148 37 14 




------------------------------------
GYRO
------------------------------------
CHSL_E 159 34 32 339 34 16 
IGNF 184 23 53 004 23 29 
PTHN 254 02 19 074 01 59 
TFLE 267 56 25 087 56 07 
BAT4 022 00 26 202 00 03 
OBSV 247 08 57 067 08 36 
S1 290 23 33 110 23 22 


------------------------------------
S4
------------------------------------
ANFN 328 36 15 148 36 28 
CHSL_E 343 48 11 163 48 10 
VTRY1 004 06 24 184 06 30 
VTRY2 004 09 19 184 09 16 
BAT4 148 54 21 328 54 29 



------------------------------------
PC2
------------------------------------

CHSL_E 000 08 24 180 08 40 045 09 52 225 10 10 090 10 25 270 10 29 135 01 35 315 01 55 133 33 13 313 33 11 
CHSL_O 000 57 18 180 57 35 045 58 48 225 59 04 090 59 16 270 59 28 135 50 32 315 50 59 XXX XX XX XXX XX XX 
BAT4 127 30 09 307 30 37 172 31 39 352 31 59 217 32 02 037 32 14 262 23 26 082 23 46 XXX XX XX XXX XX XX 
VLEO XXX XX XX XXX XX XX XXX XX XX XXX XX XX XXX XX XX XXX XX XX XXX XX XX XXX XX XX 130 04 39 310 04 39 



* Contrôle sur BAT4 : 
7 BAT4 658036.5426 6862811.1415 0.0000 0.009103 0.007912