=============================================
STATION: IGNF
=============================================
---------------------------------------------
STATION: IGNF - 30 min STEP
---------------------------------------------
2023/11/09 08:05:00.000   4201762.6119    177858.0678   4779299.3613   1   7   0.0014   0.0007   0.0013  -0.0002   0.0005   0.0009  -0.00  966.3
2023/11/09 08:30:00.000   4201762.6217    177858.0651   4779299.3679   1   7   0.0013   0.0006   0.0014  -0.0004  -0.0002   0.0011  -0.00  999.9
2023/11/09 09:00:00.000   4201762.6162    177858.0646   4779299.3566   1   7   0.0014   0.0006   0.0015   0.0004   0.0003   0.0013  -0.00  999.9
2023/11/09 09:30:00.000   4201762.6018    177858.0633   4779299.3328   1   7   0.0014   0.0006   0.0016   0.0003   0.0003   0.0013  -0.00  999.9
2023/11/09 10:00:00.000   4201762.6119    177858.0643   4779299.3344   1   8   0.0012   0.0006   0.0013  -0.0004  -0.0005   0.0011  -0.00  999.9
2023/11/09 10:30:00.000   4201762.6176    177858.0652   4779299.3342   1   7   0.0011   0.0006   0.0012  -0.0002  -0.0004   0.0008  -0.00  999.9
2023/11/09 11:00:00.000   4201762.6262    177857.8612   4779299.3632   2   7   0.0071   0.0271   0.0073  -0.0038  -0.0086   0.0047  -0.00    3.5
2023/11/09 11:30:00.000   4201762.6280    177858.0642   4779299.3667   1   8   0.0016   0.0007   0.0013   0.0006   0.0006   0.0012  -0.00  999.9
2023/11/09 12:00:00.000   4201762.6224    177858.0650   4779299.3599   1   9   0.0011   0.0006   0.0012   0.0002   0.0004   0.0009  -0.00  999.9
2023/11/09 12:30:00.000   4201762.6145    177858.0596   4779299.3480   1   7   0.0011   0.0005   0.0012   0.0002   0.0003   0.0010  -0.00  999.9
2023/11/09 13:00:00.000   4201762.6253    177858.0625   4779299.3506   1   8   0.0013   0.0006   0.0014  -0.0003  -0.0005   0.0011  -0.00  999.9
2023/11/09 13:30:00.000   4201762.6219    177858.0652   4779299.3389   1   9   0.0011   0.0005   0.0012  -0.0002  -0.0003   0.0008  -0.00  999.9
2023/11/09 14:00:00.000   4201762.6207    177858.0606   4779299.3462   1   8   0.0012   0.0005   0.0012   0.0003   0.0003   0.0008  -0.00  963.3
2023/11/09 14:30:00.000   4201762.6181    177858.0626   4779299.3547   1  10   0.0009   0.0005   0.0012   0.0003   0.0004   0.0008  -0.00  999.9
2023/11/09 15:00:00.000   4201762.6160    177858.0643   4779299.3547   1   9   0.0009   0.0005   0.0012   0.0003   0.0003   0.0009  -0.00  999.9
2023/11/09 15:30:00.000   4201762.6137    177858.0631   4779299.3480   1   9   0.0009   0.0005   0.0012   0.0003   0.0002   0.0008  -0.00  999.9
2023/11/09 16:00:00.000   4201762.6117    177858.0632   4779299.3507   1   8   0.0009   0.0006   0.0013  -0.0002  -0.0006   0.0008  -0.00  999.9
2023/11/09 16:30:00.000   4201762.6185    177858.0642   4779299.3535   1   5   0.0011   0.0007   0.0014  -0.0002  -0.0005   0.0009  -0.00  999.9
2023/11/09 17:00:00.000   4201762.5220    177858.5139   4779299.6134   1   5   0.0014   0.0008   0.0028   0.0000  -0.0003   0.0014  25.00  539.7
2023/11/09 17:30:00.000   4201762.6229    177858.0670   4779299.3610   1   8   0.0012   0.0006   0.0012   0.0004   0.0005   0.0008  -0.00  999.9
2023/11/09 18:00:00.000   4201762.6222    177858.0659   4779299.3544   1   8   0.0011   0.0005   0.0011   0.0004   0.0004   0.0008  -0.00  999.9
2023/11/09 18:30:00.000   4201762.6263    177858.0631   4779299.3545   1   8   0.0016   0.0008   0.0016   0.0007   0.0006   0.0013  10.00    6.0
---------------------------------------------
STATION: IGNF - 45 min STEP
---------------------------------------------
2023/11/09 08:05:00.000   4201762.6125    177858.0690   4779299.3615   1   6   0.0011   0.0006   0.0011  -0.0002   0.0004   0.0007  -0.00  999.9
2023/11/09 08:45:00.000   4201762.6182    177858.0648   4779299.3595   1   7   0.0011   0.0005   0.0012   0.0002   0.0002   0.0010  -0.00  999.9
2023/11/09 09:30:00.000   4201762.6066    177858.0640   4779299.3342   1   7   0.0011   0.0005   0.0013   0.0001  -0.0002   0.0010  -0.00  999.9
2023/11/09 10:15:00.000   4201762.6153    177858.0651   4779299.3344   1   7   0.0009   0.0005   0.0010  -0.0002  -0.0003   0.0007  -0.00  999.9
2023/11/09 11:00:00.000   4201762.6282    177858.0619   4779299.3657   1   7   0.0016   0.0006   0.0012   0.0002   0.0004   0.0011  -0.00  999.9
2023/11/09 11:45:00.000   4201762.6237    177858.0648   4779299.3619   1   9   0.0009   0.0005   0.0010   0.0003   0.0004   0.0008  -0.00  999.9
2023/11/09 12:30:00.000   4201762.6166    177858.0607   4779299.3476   1   8   0.0010   0.0004   0.0010   0.0001   0.0001   0.0008  -0.00  999.9
2023/11/09 13:15:00.000   4201762.6225    177858.0644   4779299.3405   1   9   0.0009   0.0004   0.0010  -0.0002  -0.0003   0.0007  -0.00  999.9
2023/11/09 14:00:00.000   4201762.6181    177858.0607   4779299.3494   1  10   0.0009   0.0004   0.0010   0.0003   0.0003   0.0007  -0.00  999.9
2023/11/09 14:45:00.000   4201762.6171    177858.0640   4779299.3542   1   9   0.0008   0.0004   0.0010   0.0003   0.0003   0.0007  -0.00  999.9
2023/11/09 15:30:00.000   4201762.6139    177858.0635   4779299.3498   1   9   0.0008   0.0004   0.0010   0.0002  -0.0002   0.0006  -0.00  999.9
2023/11/09 16:15:00.000   4201762.6138    177858.0623   4779299.3505   1   5   0.0007   0.0005   0.0010  -0.0002  -0.0004   0.0006  -0.00  999.9
2023/11/09 17:00:00.000   4201762.5220    177858.5139   4779299.6134   1   5   0.0014   0.0008   0.0028   0.0000  -0.0003   0.0014  25.00  539.7
2023/11/09 17:45:00.000   4201762.6233    177858.0666   4779299.3556   1   8   0.0009   0.0004   0.0009   0.0003   0.0003   0.0007  -0.00  999.9
---------------------------------------------
STATION: IGNF - 1H STEP
---------------------------------------------
2023/11/09 08:05:00.000   4201762.6149    177858.0676   4779299.3614   1   7   0.0009   0.0005   0.0009  -0.0001   0.0003   0.0007  -0.00  999.9
2023/11/09 09:00:00.000   4201762.6083    177858.0637   4779299.3446   1   7   0.0010   0.0004   0.0011   0.0003   0.0002   0.0009  -0.00  999.9
2023/11/09 10:00:00.000   4201762.6149    177858.0647   4779299.3347   1   7   0.0008   0.0004   0.0009  -0.0002  -0.0003   0.0007  -0.00  999.9
2023/11/09 11:00:00.000   4201762.6274    177858.0630   4779299.3655   1   8   0.0013   0.0005   0.0011   0.0003   0.0004   0.0010  -0.00  999.9
2023/11/09 12:00:00.000   4201762.6182    177858.0620   4779299.3535   1   7   0.0008   0.0004   0.0009   0.0002   0.0002   0.0007  -0.00  999.9
2023/11/09 13:00:00.000   4201762.6230    177858.0642   4779299.3428   1   9   0.0008   0.0004   0.0009  -0.0002  -0.0003   0.0007  -0.00  999.9
2023/11/09 14:00:00.000   4201762.6183    177858.0614   4779299.3499   1  10   0.0007   0.0004   0.0009   0.0002   0.0003   0.0006  -0.00  999.9
2023/11/09 15:00:00.000   4201762.6147    177858.0636   4779299.3511   1   9   0.0007   0.0003   0.0008   0.0002   0.0002   0.0006  -0.00  999.9
2023/11/09 16:00:00.000   4201762.6135    177858.0626   4779299.3509   1   5   0.0007   0.0004   0.0009  -0.0002  -0.0004   0.0006  -0.00  999.9
2023/11/09 17:00:00.000   4201762.5220    177858.5139   4779299.6134   1   5   0.0014   0.0008   0.0028   0.0000  -0.0003   0.0014  25.00  539.7
2023/11/09 18:00:00.000   4201762.6238    177858.0650   4779299.3544   1   8   0.0009   0.0004   0.0009   0.0004   0.0003   0.0007  10.00  999.9
---------------------------------------------
STATION: IGNF - 1H30 STEP
---------------------------------------------
2023/11/09 08:05:00.000   4201762.6162    177858.0662   4779299.3594   1   7   0.0008   0.0004   0.0008   0.0001   0.0002   0.0006  -0.00  999.9
2023/11/09 09:30:00.000   4201762.6110    177858.0647   4779299.3350   1   7   0.0007   0.0003   0.0008  -0.0001  -0.0002   0.0006  -0.00  999.9
2023/11/09 11:00:00.000   4201762.6247    177858.0640   4779299.3631   1   9   0.0008   0.0004   0.0008   0.0002   0.0003   0.0006  -0.00  999.9
2023/11/09 12:30:00.000   4201762.6197    177858.0625   4779299.3450   1   9   0.0006   0.0003   0.0007  -0.0001  -0.0002   0.0005  -0.00  999.9
2023/11/09 14:00:00.000   4201762.6169    177858.0626   4779299.3519   1   9   0.0006   0.0003   0.0007   0.0002   0.0002   0.0005  -0.00  999.9
2023/11/09 15:30:00.000   4201762.6137    177858.0630   4779299.3496   1   5   0.0005   0.0003   0.0007   0.0001  -0.0002   0.0005  -0.00  999.9
2023/11/09 17:00:00.000   4201762.5220    177858.5139   4779299.6134   1   5   0.0014   0.0008   0.0028   0.0000  -0.0003   0.0014  25.00  539.7
---------------------------------------------
STATION: IGNF - 2H00 STEP
---------------------------------------------
2023/11/09 08:05:00.000   4201762.6135    177858.0651   4779299.3537   1   7   0.0007   0.0003   0.0007   0.0001   0.0002   0.0006  -0.00  999.9
2023/11/09 09:00:00.000   4201762.6109    177858.0642   4779299.3401   1   7   0.0006   0.0003   0.0007  -0.0001  -0.0001   0.0005  -0.00  999.9
2023/11/09 10:00:00.000   4201762.6186    177858.0618   4779299.3455   1   8   0.0006   0.0003   0.0006  -0.0000  -0.0000   0.0005  -0.00  999.9
2023/11/09 11:00:00.000   4201762.6212    177858.0622   4779299.3583   1   7   0.0007   0.0003   0.0007   0.0002   0.0002   0.0005  -0.00  999.9
2023/11/09 12:00:00.000   4201762.6198    177858.0625   4779299.3482   1   9   0.0006   0.0003   0.0006  -0.0001  -0.0001   0.0005  -0.00  999.9
2023/11/09 13:00:00.000   4201762.6205    177858.0626   4779299.3467   1  10   0.0005   0.0002   0.0006   0.0001   0.0001   0.0004  -0.00  999.9
2023/11/09 14:00:00.000   4201762.6160    177858.0627   4779299.3509   1   9   0.0005   0.0002   0.0006   0.0002   0.0002   0.0004  -0.00  999.9
2023/11/09 15:00:00.000   4201762.6141    177858.0632   4779299.3506   1   5   0.0005   0.0003   0.0006   0.0001  -0.0001   0.0004  -0.00  999.9
2023/11/09 16:00:00.000   4201762.6164    177858.0637   4779299.3545   1   8   0.0005   0.0003   0.0006   0.0001  -0.0001   0.0004  -0.00  999.9
2023/11/09 17:00:00.000   4201762.5220    177858.5139   4779299.6134   1   5   0.0014   0.0008   0.0028   0.0000  -0.0003   0.0014  25.00  539.7
---------------------------------------------
STATION: IGNF - 3H00 STEP
---------------------------------------------
2023/11/09 08:05:00.000   4201762.6132    177858.0644   4779299.3471   1   7   0.0005   0.0002   0.0005  -0.0000  -0.0000   0.0004  -0.00  999.9
2023/11/09 09:00:00.000   4201762.6144    177858.0626   4779299.3454   1   8   0.0005   0.0002   0.0005   0.0001   0.0001   0.0004  -0.00  999.9
2023/11/09 10:00:00.000   4201762.6177    177858.0617   4779299.3479   1   7   0.0005   0.0002   0.0005   0.0000   0.0001   0.0004  -0.00  999.9
2023/11/09 11:00:00.000   4201762.6216    177858.0621   4779299.3529   1   9   0.0005   0.0002   0.0005   0.0001   0.0001   0.0004  -0.00  999.9
2023/11/09 12:00:00.000   4201762.6192    177858.0622   4779299.3486   1  10   0.0004   0.0002   0.0005   0.0001   0.0001   0.0003  -0.00  999.9
2023/11/09 13:00:00.000   4201762.6175    177858.0630   4779299.3483   1   9   0.0004   0.0002   0.0005   0.0001   0.0001   0.0003  -0.00  999.9
2023/11/09 14:00:00.000   4201762.6152    177858.0627   4779299.3508   1   5   0.0004   0.0002   0.0005   0.0001   0.0000   0.0003  -0.00  999.9
2023/11/09 15:00:00.000   4201762.6159    177858.0637   4779299.3532   1   8   0.0004   0.0002   0.0005   0.0001   0.0000   0.0003  -0.00  999.9
2023/11/09 16:00:00.000   4201762.6181    177858.0640   4779299.3537   1   8   0.0004   0.0002   0.0005   0.0001   0.0001   0.0003  10.00  999.9
---------------------------------------------
STATION: IGNF - 4H00 STEP
---------------------------------------------
2023/11/09 08:05:00.000   4201762.6149    177858.0632   4779299.3487   1   8   0.0004   0.0002   0.0004   0.0001   0.0001   0.0004  -0.00  999.9
2023/11/09 09:00:00.000   4201762.6153    177858.0623   4779299.3475   1   7   0.0004   0.0002   0.0004   0.0001   0.0001   0.0003  -0.00  999.9
2023/11/09 10:00:00.000   4201762.6191    177858.0622   4779299.3469   1   9   0.0004   0.0002   0.0004  -0.0000  -0.0000   0.0003  -0.00  999.9
2023/11/09 11:00:00.000   4201762.6203    177858.0620   4779299.3519   1  10   0.0004   0.0002   0.0004   0.0001   0.0001   0.0003  -0.00  999.9
2023/11/09 12:00:00.000   4201762.6174    177858.0627   4779299.3491   1   9   0.0004   0.0002   0.0004   0.0001   0.0001   0.0003  -0.00  999.9
2023/11/09 13:00:00.000   4201762.6164    177858.0630   4779299.3488   1   5   0.0003   0.0002   0.0004   0.0001  -0.0001   0.0003  -0.00  999.9
2023/11/09 14:00:00.000   4201762.6164    177858.0632   4779299.3527   1   8   0.0003   0.0002   0.0004   0.0001   0.0001   0.0003  -0.00  999.9
2023/11/09 15:00:00.000   4201762.6171    177858.0640   4779299.3531   1   8   0.0004   0.0002   0.0004   0.0001   0.0001   0.0003  10.00  999.9
---------------------------------------------
STATION: IGNF - 5H00 STEP
---------------------------------------------
2023/11/09 08:05:00.000   4201762.6157    177858.0629   4779299.3498   1   7   0.0004   0.0002   0.0004   0.0001   0.0001   0.0003  -0.00  999.9
2023/11/09 09:00:00.000   4201762.6169    177858.0626   4779299.3468   1   9   0.0004   0.0002   0.0004   0.0000   0.0000   0.0003  -0.00  999.9
2023/11/09 10:00:00.000   4201762.6189    177858.0620   4779299.3473   1  10   0.0004   0.0002   0.0004   0.0001   0.0001   0.0003  -0.00  999.9
2023/11/09 11:00:00.000   4201762.6185    177858.0625   4779299.3516   1   9   0.0003   0.0002   0.0004   0.0001   0.0001   0.0003  -0.00  999.9
2023/11/09 12:00:00.000   4201762.6166    177858.0628   4779299.3493   1   5   0.0003   0.0002   0.0004   0.0001   0.0000   0.0003  -0.00  999.9
2023/11/09 13:00:00.000   4201762.6172    177858.0633   4779299.3505   1   8   0.0003   0.0002   0.0004   0.0001   0.0000   0.0003  -0.00  999.9
2023/11/09 14:00:00.000   4201762.6173    177858.0634   4779299.3526   1   8   0.0003   0.0002   0.0004   0.0001   0.0001   0.0003  10.00  999.9
---------------------------------------------
STATION: IGNF - 6H00 STEP
---------------------------------------------
2023/11/09 08:05:00.000   4201762.6169    177858.0630   4779299.3487   1   9   0.0003   0.0002   0.0004   0.0000   0.0000   0.0003  -0.00  999.9
2023/11/09 09:00:00.000   4201762.6172    177858.0623   4779299.3473   1  10   0.0003   0.0002   0.0003   0.0001   0.0001   0.0003  -0.00  999.9
2023/11/09 10:00:00.000   4201762.6175    177858.0624   4779299.3477   1   9   0.0003   0.0001   0.0003   0.0001   0.0001   0.0002  -0.00  999.9
2023/11/09 11:00:00.000   4201762.6174    177858.0626   4779299.3513   1   5   0.0003   0.0002   0.0003   0.0001   0.0000   0.0002  -0.00  999.9
2023/11/09 12:00:00.000   4201762.6172    177858.0630   4779299.3506   1   8   0.0003   0.0002   0.0003   0.0001   0.0000   0.0002  -0.00  999.9
2023/11/09 13:00:00.000   4201762.6179    177858.0634   4779299.3508   1   8   0.0003   0.0002   0.0004   0.0001   0.0001   0.0002  10.00  999.9
=============================================
STATION: PANA
=============================================
---------------------------------------------
STATION: PANA - 30 min STEP
---------------------------------------------
2023/11/09 08:05:00.000   4201762.5636    177857.8859   4779299.3877   2   7   0.0118   0.0293   0.0101   0.0151  -0.0048   0.0047  -0.00    4.8
2023/11/09 08:30:00.000   4201762.6151    177858.0675   4779299.3839   1   7   0.0013   0.0006   0.0014  -0.0004  -0.0002   0.0011  -0.00  999.9
2023/11/09 09:00:00.000   4201762.6158    177858.0636   4779299.3806   1   7   0.0015   0.0006   0.0015   0.0004   0.0003   0.0013  -0.00  496.7
2023/11/09 09:30:00.000   4201762.6102    177858.0590   4779299.3618   1   7   0.0020   0.0008   0.0021  -0.0007  -0.0007   0.0019  -0.00   61.3
2023/11/09 10:00:00.000   4201762.6056    177858.0630   4779299.3521   1   8   0.0012   0.0006   0.0013  -0.0004  -0.0004   0.0011  -0.00  999.9
2023/11/09 10:30:00.000   4201762.6103    177858.0623   4779299.3480   1   7   0.0012   0.0006   0.0013  -0.0002  -0.0004   0.0008  -0.00  999.9
2023/11/09 11:00:00.000   4201762.6160    177858.0583   4779299.3610   1   7   0.0013   0.0006   0.0010   0.0002   0.0001   0.0008  -0.00  999.9
2023/11/09 11:30:00.000   4201762.6293    177858.0636   4779299.3952   1   8   0.0016   0.0007   0.0013   0.0006   0.0006   0.0012  -0.00  999.9
2023/11/09 12:00:00.000   4201762.6224    177858.0597   4779299.3764   1   9   0.0011   0.0006   0.0012   0.0002   0.0004   0.0009  -0.00  999.9
2023/11/09 12:30:00.000   4201762.6226    177858.0575   4779299.3769   1   7   0.0013   0.0006   0.0014   0.0003   0.0004   0.0011  -0.00  999.9
2023/11/09 13:00:00.000   4201762.6241    177858.0622   4779299.3617   1   8   0.0013   0.0006   0.0014  -0.0003  -0.0005   0.0011  -0.00  999.9
2023/11/09 13:30:00.000   4201762.6155    177858.0665   4779299.3525   1   9   0.0011   0.0005   0.0012  -0.0002  -0.0003   0.0008  -0.00  999.9
2023/11/09 14:00:00.000   4201762.6182    177858.0602   4779299.3662   1   8   0.0012   0.0005   0.0012   0.0003   0.0003   0.0008  -0.00  999.9
2023/11/09 14:30:00.000   4201762.6240    177858.0630   4779299.3717   1  10   0.0009   0.0005   0.0012   0.0003   0.0004   0.0008  -0.00  999.9
2023/11/09 15:00:00.000   4201762.6146    177858.0617   4779299.3686   1   9   0.0009   0.0005   0.0012   0.0003   0.0003   0.0009  -0.00  999.9
2023/11/09 15:30:00.000   4201762.6125    177858.0582   4779299.3655   1   9   0.0010   0.0005   0.0012   0.0003   0.0002   0.0009  -0.00  999.9
2023/11/09 16:00:00.000   4201762.6095    177858.0651   4779299.3627   1   8   0.0009   0.0006   0.0013  -0.0002  -0.0006   0.0008  -0.00  999.9
2023/11/09 16:30:00.000   4201762.6183    177858.0649   4779299.3793   1   5   0.0011   0.0007   0.0014  -0.0002  -0.0005   0.0009  -0.00  999.9
2023/11/09 17:00:00.000   4201762.6224    177858.0648   4779299.3882   1   6   0.0011   0.0006   0.0021   0.0003   0.0005   0.0010  -0.00  999.9
2023/11/09 17:30:00.000   4201762.6258    177858.0678   4779299.3822   1   8   0.0013   0.0006   0.0012   0.0004   0.0005   0.0009  -0.00  999.9
2023/11/09 18:00:00.000   4201762.6229    177858.0687   4779299.3734   1   8   0.0011   0.0005   0.0011   0.0004   0.0004   0.0008  -0.00  999.9
2023/11/09 18:30:00.000   4201762.5865    177858.1549   4779299.3910   2   8   0.0286   0.0212   0.0184   0.0044   0.0057   0.0101  10.00    3.4
---------------------------------------------
STATION: PANA - 45 min STEP
---------------------------------------------
2023/11/09 08:05:00.000   4201762.6079    177858.0697   4779299.3776   1   6   0.0011   0.0006   0.0011  -0.0002   0.0004   0.0008  -0.00  999.9
2023/11/09 08:45:00.000   4201762.6158    177858.0647   4779299.3819   1   7   0.0011   0.0005   0.0012   0.0002   0.0002   0.0010  -0.00  999.9
2023/11/09 09:30:00.000   4201762.6085    177858.0610   4779299.3574   1   7   0.0014   0.0006   0.0015  -0.0005  -0.0005   0.0013  -0.00  999.9
2023/11/09 10:15:00.000   4201762.6091    177858.0625   4779299.3508   1   7   0.0010   0.0005   0.0010  -0.0002  -0.0003   0.0007  -0.00  999.9
2023/11/09 11:00:00.000   4201762.6164    177858.0585   4779299.3676   1   7   0.0011   0.0005   0.0009   0.0002   0.0002   0.0007  -0.00  999.9
2023/11/09 11:45:00.000   4201762.6242    177858.0602   4779299.3820   1   9   0.0010   0.0005   0.0011   0.0002   0.0004   0.0008  -0.00  999.9
2023/11/09 12:30:00.000   4201762.6195    177858.0568   4779299.3709   1   8   0.0011   0.0005   0.0011   0.0002   0.0001   0.0009  -0.00  999.9
2023/11/09 13:15:00.000   4201762.6190    177858.0665   4779299.3537   1   9   0.0009   0.0004   0.0010  -0.0002  -0.0003   0.0007  -0.00  999.9
2023/11/09 14:00:00.000   4201762.6193    177858.0599   4779299.3705   1  10   0.0009   0.0004   0.0010   0.0003   0.0003   0.0007  -0.00  999.9
2023/11/09 14:45:00.000   4201762.6180    177858.0629   4779299.3680   1   9   0.0008   0.0004   0.0010   0.0003   0.0003   0.0007  -0.00  999.9
2023/11/09 15:30:00.000   4201762.6124    177858.0605   4779299.3666   1   9   0.0008   0.0004   0.0010   0.0002  -0.0002   0.0007  -0.00  999.9
2023/11/09 16:15:00.000   4201762.6147    177858.0627   4779299.3732   1   5   0.0007   0.0005   0.0010  -0.0002  -0.0004   0.0006  -0.00  999.9
2023/11/09 17:00:00.000   4201762.6223    177858.0658   4779299.3887   1   6   0.0009   0.0005   0.0015   0.0003   0.0005   0.0008  -0.00  999.9
2023/11/09 17:45:00.000   4201762.6246    177858.0689   4779299.3755   1   8   0.0009   0.0004   0.0009   0.0003   0.0003   0.0007  -0.00  999.9
---------------------------------------------
STATION: PANA - 1H STEP
---------------------------------------------
2023/11/09 08:05:00.000   4201762.6096    177858.0685   4779299.3782   1   7   0.0010   0.0005   0.0010  -0.0001   0.0003   0.0007  -0.00  999.9
2023/11/09 09:00:00.000   4201762.6063    177858.0623   4779299.3654   1   7   0.0010   0.0005   0.0011   0.0003   0.0002   0.0009  -0.00  999.9
2023/11/09 10:00:00.000   4201762.6079    177858.0625   4779299.3510   1   7   0.0008   0.0004   0.0009  -0.0002  -0.0003   0.0007  -0.00  999.9
2023/11/09 11:00:00.000   4201762.6170    177858.0587   4779299.3732   1   8   0.0010   0.0004   0.0008   0.0002   0.0003   0.0007  -0.00  999.9
2023/11/09 12:00:00.000   4201762.6195    177858.0577   4779299.3749   1   7   0.0008   0.0004   0.0009   0.0002   0.0002   0.0007  -0.00  999.9
2023/11/09 13:00:00.000   4201762.6188    177858.0649   4779299.3553   1   9   0.0008   0.0004   0.0009  -0.0002  -0.0003   0.0007  -0.00  999.9
2023/11/09 14:00:00.000   4201762.6218    177858.0616   4779299.3686   1  10   0.0007   0.0004   0.0009   0.0002   0.0003   0.0006  -0.00  999.9
2023/11/09 15:00:00.000   4201762.6135    177858.0600   4779299.3667   1   9   0.0007   0.0003   0.0008   0.0002   0.0002   0.0006  -0.00  999.9
2023/11/09 16:00:00.000   4201762.6137    177858.0635   4779299.3709   1   5   0.0007   0.0004   0.0009  -0.0002  -0.0004   0.0006  -0.00  999.9
2023/11/09 17:00:00.000   4201762.6228    177858.0666   4779299.3827   1   8   0.0008   0.0004   0.0010   0.0003   0.0004   0.0006  -0.00  999.9
2023/11/09 18:00:00.000   4201762.6245    177858.0680   4779299.3733   1   8   0.0009   0.0004   0.0009   0.0004   0.0003   0.0007  10.00  999.9
---------------------------------------------
STATION: PANA - 1H30 STEP
---------------------------------------------
2023/11/09 08:05:00.000   4201762.6121    177858.0665   4779299.3785   1   7   0.0008   0.0004   0.0008   0.0001   0.0002   0.0006  -0.00  999.9
2023/11/09 09:30:00.000   4201762.6082    177858.0619   4779299.3535   1   7   0.0008   0.0004   0.0008  -0.0002  -0.0003   0.0006  -0.00  999.9
2023/11/09 11:00:00.000   4201762.6195    177858.0591   4779299.3741   1   9   0.0007   0.0003   0.0006   0.0002   0.0002   0.0005  -0.00  999.9
2023/11/09 12:30:00.000   4201762.6200    177858.0620   4779299.3640   1   9   0.0007   0.0003   0.0007  -0.0001  -0.0002   0.0005  -0.00  999.9
2023/11/09 14:00:00.000   4201762.6185    177858.0616   4779299.3691   1   9   0.0006   0.0003   0.0007   0.0002   0.0002   0.0005  -0.00  999.9
2023/11/09 15:30:00.000   4201762.6139    177858.0615   4779299.3700   1   5   0.0005   0.0003   0.0007   0.0001  -0.0002   0.0005  -0.00  999.9
2023/11/09 17:00:00.000   4201762.6230    177858.0674   4779299.3776   1   8   0.0006   0.0003   0.0007   0.0002   0.0003   0.0005  -0.00  999.9
---------------------------------------------
STATION: PANA - 2H00 STEP
---------------------------------------------
2023/11/09 08:05:00.000   4201762.6101    177858.0648   4779299.3729   1   7   0.0007   0.0003   0.0007   0.0001   0.0002   0.0006  -0.00  999.9
2023/11/09 09:00:00.000   4201762.6059    177858.0622   4779299.3574   1   7   0.0006   0.0003   0.0007  -0.0001  -0.0001   0.0005  -0.00  999.9
2023/11/09 10:00:00.000   4201762.6136    177858.0595   4779299.3649   1   8   0.0006   0.0003   0.0006  -0.0000  -0.0000   0.0005  -0.00  719.1
2023/11/09 11:00:00.000   4201762.6184    177858.0582   4779299.3738   1   7   0.0006   0.0003   0.0006   0.0001   0.0002   0.0005  -0.00  999.9
2023/11/09 12:00:00.000   4201762.6190    177858.0604   4779299.3675   1   9   0.0006   0.0003   0.0006  -0.0001  -0.0001   0.0005  -0.00  999.9
2023/11/09 13:00:00.000   4201762.6207    177858.0625   4779299.3631   1  10   0.0005   0.0002   0.0006   0.0001   0.0001   0.0004  -0.00  999.9
2023/11/09 14:00:00.000   4201762.6169    177858.0608   4779299.3679   1   9   0.0005   0.0002   0.0006   0.0002   0.0002   0.0004  -0.00  999.9
2023/11/09 15:00:00.000   4201762.6141    177858.0616   4779299.3695   1   5   0.0005   0.0003   0.0006   0.0001  -0.0001   0.0004  -0.00  999.9
2023/11/09 16:00:00.000   4201762.6175    177858.0642   4779299.3753   1   8   0.0005   0.0003   0.0006   0.0001  -0.0001   0.0004  -0.00  999.9
2023/11/09 17:00:00.000   4201762.6238    177858.0672   4779299.3767   1   8   0.0006   0.0003   0.0007   0.0002   0.0002   0.0005  10.00  999.9
---------------------------------------------
STATION: PANA - 3H00 STEP
---------------------------------------------
2023/11/09 08:05:00.000   4201762.6082    177858.0632   4779299.3646   1   7   0.0005   0.0002   0.0005  -0.0000  -0.0001   0.0004  -0.00  999.9
2023/11/09 09:00:00.000   4201762.6106    177858.0605   4779299.3651   1   8   0.0005   0.0002   0.0005   0.0001   0.0001   0.0004  -0.00  766.3
2023/11/09 10:00:00.000   4201762.6155    177858.0587   4779299.3680   1   7   0.0005   0.0002   0.0005   0.0000   0.0001   0.0004  -0.00  999.9
2023/11/09 11:00:00.000   4201762.6191    177858.0598   4779299.3701   1   9   0.0005   0.0002   0.0005   0.0001   0.0001   0.0004  -0.00  999.9
2023/11/09 12:00:00.000   4201762.6197    177858.0609   4779299.3677   1  10   0.0004   0.0002   0.0005   0.0001   0.0001   0.0003  -0.00  999.9
2023/11/09 13:00:00.000   4201762.6174    177858.0617   4779299.3647   1   9   0.0004   0.0002   0.0005   0.0001   0.0001   0.0003  -0.00  999.9
2023/11/09 14:00:00.000   4201762.6160    177858.0616   4779299.3694   1   5   0.0004   0.0002   0.0005   0.0001   0.0000   0.0003  -0.00  999.9
2023/11/09 15:00:00.000   4201762.6164    177858.0626   4779299.3724   1   8   0.0004   0.0002   0.0005   0.0001   0.0000   0.0003  -0.00  999.9
2023/11/09 16:00:00.000   4201762.6189    177858.0654   4779299.3735   1   8   0.0004   0.0002   0.0005   0.0001   0.0001   0.0003  10.00  999.9
---------------------------------------------
STATION: PANA - 4H00 STEP
---------------------------------------------
2023/11/09 08:05:00.000   4201762.6108    177858.0618   4779299.3680   1   8   0.0005   0.0002   0.0004   0.0001   0.0001   0.0004  -0.00  879.0
2023/11/09 09:00:00.000   4201762.6132    177858.0596   4779299.3678   1   7   0.0004   0.0002   0.0004   0.0001   0.0001   0.0004  -0.00  999.9
2023/11/09 10:00:00.000   4201762.6167    177858.0600   4779299.3663   1   9   0.0004   0.0002   0.0004  -0.0000  -0.0000   0.0003  -0.00  999.9
2023/11/09 11:00:00.000   4201762.6196    177858.0603   4779299.3697   1  10   0.0004   0.0002   0.0004   0.0001   0.0001   0.0003  -0.00  999.9
2023/11/09 12:00:00.000   4201762.6176    177858.0607   4779299.3675   1   9   0.0004   0.0002   0.0004   0.0001   0.0001   0.0003  -0.00  999.9
2023/11/09 13:00:00.000   4201762.6164    177858.0622   4779299.3664   1   5   0.0003   0.0002   0.0004   0.0001  -0.0001   0.0003  -0.00  999.9
2023/11/09 14:00:00.000   4201762.6175    177858.0624   4779299.3716   1   8   0.0003   0.0002   0.0004   0.0001   0.0001   0.0003  -0.00  999.9
2023/11/09 15:00:00.000   4201762.6175    177858.0637   4779299.3717   1   8   0.0004   0.0002   0.0004   0.0001   0.0001   0.0003  10.00  999.9
---------------------------------------------
STATION: PANA - 5H00 STEP
---------------------------------------------
2023/11/09 08:05:00.000   4201762.6130    177858.0608   4779299.3696   1   7   0.0004   0.0002   0.0004   0.0001   0.0001   0.0003  -0.00  999.9
2023/11/09 09:00:00.000   4201762.6146    177858.0605   4779299.3664   1   9   0.0004   0.0002   0.0004   0.0000  -0.0000   0.0003  -0.00  999.9
2023/11/09 10:00:00.000   4201762.6177    177858.0603   4779299.3667   1  10   0.0004   0.0002   0.0004   0.0001   0.0001   0.0003  -0.00  999.9
2023/11/09 11:00:00.000   4201762.6178    177858.0603   4779299.3691   1   9   0.0003   0.0002   0.0004   0.0001   0.0001   0.0003  -0.00  999.9
2023/11/09 12:00:00.000   4201762.6168    177858.0613   4779299.3683   1   5   0.0003   0.0002   0.0004   0.0001   0.0000   0.0003  -0.00  999.9
2023/11/09 13:00:00.000   4201762.6176    177858.0626   4779299.3685   1   8   0.0003   0.0002   0.0004   0.0001   0.0000   0.0003  -0.00  999.9
2023/11/09 14:00:00.000   4201762.6182    177858.0632   4779299.3713   1   8   0.0003   0.0002   0.0004   0.0001   0.0001   0.0003  10.00  999.9
---------------------------------------------
STATION: PANA - 6H00 STEP
---------------------------------------------
2023/11/09 08:05:00.000   4201762.6141    177858.0613   4779299.3680   1   9   0.0003   0.0002   0.0004   0.0000   0.0000   0.0003  -0.00  999.9
2023/11/09 09:00:00.000   4201762.6159    177858.0607   4779299.3669   1  10   0.0003   0.0002   0.0003   0.0001   0.0001   0.0003  -0.00  999.9
2023/11/09 10:00:00.000   4201762.6165    177858.0603   4779299.3666   1   9   0.0003   0.0001   0.0003   0.0001   0.0001   0.0002  -0.00  999.9
2023/11/09 11:00:00.000   4201762.6170    177858.0608   4779299.3695   1   5   0.0003   0.0001   0.0003   0.0001   0.0000   0.0002  -0.00  999.9
2023/11/09 12:00:00.000   4201762.6177    177858.0618   4779299.3698   1   8   0.0003   0.0002   0.0003   0.0001   0.0000   0.0002  -0.00  999.9
2023/11/09 13:00:00.000   4201762.6182    177858.0632   4779299.3687   1   8   0.0003   0.0002   0.0004   0.0001   0.0001   0.0002  10.00  999.9
=============================================
STATION: VITY
=============================================
---------------------------------------------
STATION: VITY - 30 min STEP
---------------------------------------------
2023/11/09 08:05:00.000   4201762.6035    177858.0666   4779299.3551   1   7   0.0014   0.0007   0.0013  -0.0002   0.0005   0.0009  -0.00  234.9
2023/11/09 08:30:00.000   4201762.6231    177858.0651   4779299.3734   1   7   0.0013   0.0006   0.0013  -0.0004  -0.0002   0.0011  -0.00  999.9
2023/11/09 09:00:00.000   4201762.6224    177858.0597   4779299.3552   1   7   0.0014   0.0006   0.0015   0.0004   0.0003   0.0013  -0.00  999.9
2023/11/09 09:30:00.000   4201762.6059    177858.0595   4779299.3265   1   7   0.0013   0.0006   0.0016   0.0003   0.0003   0.0013  -0.00  999.9
2023/11/09 10:00:00.000   4201762.5975    177858.0637   4779299.3245   1   8   0.0012   0.0006   0.0013  -0.0004  -0.0004   0.0011  -0.00  999.9
2023/11/09 10:30:00.000   4201762.6125    177858.0356   4779299.3252   2   7   0.0077   0.0238   0.0063  -0.0071  -0.0050   0.0047  -0.00    3.3
2023/11/09 11:00:00.000   4201762.5654    177857.9031   4779299.3050   2   7   0.0071   0.0271   0.0073  -0.0038  -0.0086   0.0047  -0.00    2.8
2023/11/09 11:30:00.000   4201762.6152    177858.0567   4779299.3435   1   8   0.0017   0.0007   0.0014   0.0006   0.0006   0.0013  -0.00  999.9
2023/11/09 12:00:00.000   4201762.6273    177858.0602   4779299.3410   1   9   0.0011   0.0006   0.0012   0.0002   0.0004   0.0009  -0.00  868.6
2023/11/09 12:30:00.000   4201762.6003    177858.0733   4779299.3270   2   7   0.0092   0.0108   0.0054  -0.0053  -0.0007   0.0036  -0.00    3.2
2023/11/09 13:00:00.000   4201762.6063    177857.9475   4779299.3001   2   8   0.0097   0.0129   0.0062  -0.0082   0.0033   0.0037  -0.00    2.8
2023/11/09 13:30:00.000   4201762.6340    177858.0672   4779299.3292   1   8   0.0012   0.0006   0.0014  -0.0003  -0.0005   0.0010  25.00  404.0
2023/11/09 14:00:00.000   4201762.6064    177858.0564   4779299.3442   1   8   0.0012   0.0006   0.0019   0.0003   0.0005   0.0008  -0.00  999.9
2023/11/09 14:30:00.000   4201762.6065    177858.0537   4779299.3435   1  10   0.0010   0.0005   0.0013   0.0004   0.0004   0.0008  -0.00  999.9
2023/11/09 15:00:00.000   4201762.6106    177858.0565   4779299.3450   1   9   0.0009   0.0005   0.0012   0.0003   0.0004   0.0009  -0.00  999.9
2023/11/09 15:30:00.000   4201762.5993    177858.0571   4779299.3430   1   9   0.0010   0.0005   0.0013   0.0003   0.0002   0.0009  -0.00  542.9
2023/11/09 16:00:00.000   4201762.6027    177858.0621   4779299.3395   1   8   0.0010   0.0007   0.0014  -0.0002  -0.0006   0.0009  -0.00  109.9
2023/11/09 16:30:00.000   4201762.6149    177858.0651   4779299.3540   1   5   0.0012   0.0007   0.0016  -0.0003  -0.0005   0.0010  -0.00  999.9
2023/11/09 17:00:00.000   4201762.6031    177858.0684   4779299.3674   1   6   0.0012   0.0007   0.0022   0.0004   0.0005   0.0011  -0.00  999.9
2023/11/09 17:30:00.000   4201762.6023    177858.0660   4779299.3462   1   8   0.0012   0.0006   0.0012   0.0004   0.0005   0.0008  -0.00  999.9
2023/11/09 18:00:00.000   4201762.5926    177858.0666   4779299.3452   1   8   0.0011   0.0005   0.0011   0.0004   0.0004   0.0008  -0.00  999.9
2023/11/09 18:30:00.000   4201762.5973    177858.0897   4779299.3396   2   8   0.0288   0.0213   0.0185   0.0033   0.0052   0.0105  10.00    1.1
---------------------------------------------
STATION: VITY - 45 min STEP
---------------------------------------------
2023/11/09 08:05:00.000   4201762.6050    177858.0712   4779299.3568   1   6   0.0011   0.0006   0.0011  -0.0002   0.0004   0.0008  -0.00  999.9
2023/11/09 08:45:00.000   4201762.6235    177858.0609   4779299.3597   1   7   0.0012   0.0005   0.0012   0.0003   0.0002   0.0011  -0.00  999.9
2023/11/09 09:30:00.000   4201762.6074    177858.0619   4779299.3300   1   7   0.0011   0.0005   0.0013   0.0001  -0.0001   0.0010  -0.00  999.9
2023/11/09 10:15:00.000   4201762.6114    177858.0608   4779299.3284   1   7   0.0010   0.0005   0.0011  -0.0003  -0.0003   0.0007  -0.00  999.9
2023/11/09 11:00:00.000   4201762.6142    177858.0590   4779299.3421   1   7   0.0016   0.0007   0.0013   0.0002   0.0004   0.0011  -0.00  999.9
2023/11/09 11:45:00.000   4201762.6272    177858.0593   4779299.3447   1   9   0.0010   0.0005   0.0010   0.0002   0.0004   0.0008  -0.00  999.9
2023/11/09 12:30:00.000   4201762.6172    177858.0829   4779299.3130   2   8   0.0057   0.0069   0.0033  -0.0039  -0.0003   0.0023  -0.00    4.3
2023/11/09 13:15:00.000   4201762.6374    177858.0615   4779299.3313   1   9   0.0010   0.0005   0.0011  -0.0002  -0.0004   0.0008  -0.00    5.8
2023/11/09 14:00:00.000   4201762.6030    177858.0569   4779299.3471   1  10   0.0010   0.0005   0.0013   0.0003   0.0005   0.0007  -0.00  806.4
2023/11/09 14:45:00.000   4201762.6107    177858.0549   4779299.3449   1   9   0.0008   0.0004   0.0010   0.0003   0.0003   0.0007  -0.00  999.9
2023/11/09 15:30:00.000   4201762.5945    177858.0569   4779299.3359   1   8   0.0009   0.0005   0.0011   0.0002  -0.0002   0.0007  25.00  395.3
2023/11/09 16:15:00.000   4201762.6133    177858.0640   4779299.3497   1   5   0.0010   0.0007   0.0013  -0.0003  -0.0005   0.0009  -0.00  999.9
2023/11/09 17:00:00.000   4201762.6029    177858.0682   4779299.3614   1   6   0.0009   0.0005   0.0015   0.0003   0.0005   0.0008  -0.00  999.9
2023/11/09 17:45:00.000   4201762.5950    177858.0665   4779299.3445   1   8   0.0009   0.0005   0.0009   0.0003   0.0003   0.0007  -0.00  999.9
---------------------------------------------
STATION: VITY - 1H STEP
---------------------------------------------
2023/11/09 08:05:00.000   4201762.6097    177858.0688   4779299.3589   1   7   0.0010   0.0005   0.0009  -0.0001   0.0003   0.0007  -0.00  999.9
2023/11/09 09:00:00.000   4201762.6136    177858.0596   4779299.3405   1   7   0.0010   0.0004   0.0011   0.0003   0.0002   0.0009  -0.00  999.9
2023/11/09 10:00:00.000   4201762.6085    177858.0617   4779299.3291   1   7   0.0008   0.0004   0.0009  -0.0002  -0.0003   0.0007  -0.00  999.9
2023/11/09 11:00:00.000   4201762.6174    177858.0580   4779299.3450   1   8   0.0013   0.0006   0.0011   0.0004   0.0004   0.0010  -0.00  999.9
2023/11/09 12:00:00.000   4201762.6200    177858.0581   4779299.3315   1   7   0.0008   0.0004   0.0009   0.0002   0.0002   0.0007  -0.00  999.9
2023/11/09 13:00:00.000   4201762.6352    177858.0604   4779299.3334   1   9   0.0010   0.0005   0.0011  -0.0002  -0.0003   0.0008  -0.00   15.8
2023/11/09 14:00:00.000   4201762.6062    177858.0547   4779299.3438   1  10   0.0008   0.0004   0.0010   0.0002   0.0003   0.0006  -0.00  999.9
2023/11/09 15:00:00.000   4201762.6050    177858.0568   4779299.3443   1   9   0.0007   0.0003   0.0009   0.0002   0.0002   0.0006  -0.00  999.9
2023/11/09 16:00:00.000   4201762.6056    177858.0610   4779299.3454   1   5   0.0007   0.0005   0.0010  -0.0002  -0.0004   0.0006  -0.00  999.9
2023/11/09 17:00:00.000   4201762.6018    177858.0671   4779299.3507   1   8   0.0008   0.0005   0.0010   0.0003   0.0004   0.0006  -0.00  999.9
2023/11/09 18:00:00.000   4201762.5964    177858.0672   4779299.3459   1   8   0.0009   0.0004   0.0009   0.0004   0.0003   0.0007  10.00  999.9
---------------------------------------------
STATION: VITY - 1H30 STEP
---------------------------------------------
2023/11/09 08:05:00.000   4201762.6160    177858.0646   4779299.3561   1   7   0.0008   0.0004   0.0008   0.0001   0.0002   0.0006  -0.00  999.9
2023/11/09 09:30:00.000   4201762.6083    177858.0612   4779299.3290   1   7   0.0007   0.0003   0.0008  -0.0001  -0.0002   0.0006  -0.00  999.9
2023/11/09 11:00:00.000   4201762.6248    177858.0592   4779299.3445   1   9   0.0008   0.0004   0.0008   0.0002   0.0003   0.0007  -0.00  999.9
2023/11/09 12:30:00.000   4201762.6343    177858.0600   4779299.3351   1   9   0.0008   0.0004   0.0009  -0.0002  -0.0003   0.0006  -0.00  217.4
2023/11/09 14:00:00.000   4201762.6081    177858.0552   4779299.3442   1   9   0.0006   0.0003   0.0008   0.0002   0.0002   0.0005  -0.00  999.9
2023/11/09 15:30:00.000   4201762.6014    177858.0587   4779299.3399   1   5   0.0006   0.0003   0.0007  -0.0000  -0.0002   0.0005  -0.00  999.9
2023/11/09 17:00:00.000   4201762.5986    177858.0671   4779299.3488   1   8   0.0007   0.0003   0.0007   0.0002   0.0003   0.0005  -0.00  999.9
---------------------------------------------
STATION: VITY - 2H00 STEP
---------------------------------------------
2023/11/09 08:05:00.000   4201762.6152    177858.0629   4779299.3496   1   7   0.0007   0.0003   0.0007   0.0001   0.0002   0.0006  -0.00  999.9
2023/11/09 09:00:00.000   4201762.6104    177858.0604   4779299.3344   1   7   0.0006   0.0003   0.0007  -0.0001  -0.0001   0.0005  -0.00  999.9
2023/11/09 10:00:00.000   4201762.6112    177858.0584   4779299.3315   1   8   0.0006   0.0003   0.0006  -0.0000  -0.0000   0.0005  -0.00  999.9
2023/11/09 11:00:00.000   4201762.6211    177858.0579   4779299.3382   1   7   0.0007   0.0003   0.0007   0.0002   0.0002   0.0005  -0.00  999.9
2023/11/09 12:00:00.000   4201762.6267    177858.0591   4779299.3320   1   9   0.0006   0.0003   0.0006  -0.0001  -0.0001   0.0005  -0.00  239.3
2023/11/09 13:00:00.000   4201762.6157    177858.0556   4779299.3321   1  10   0.0006   0.0003   0.0007   0.0001   0.0001   0.0005  -0.00  999.9
2023/11/09 14:00:00.000   4201762.6055    177858.0558   4779299.3446   1   9   0.0005   0.0003   0.0007   0.0002   0.0002   0.0004  -0.00  999.9
2023/11/09 15:00:00.000   4201762.6034    177858.0575   4779299.3416   1   5   0.0005   0.0003   0.0006   0.0001  -0.0001   0.0004  -0.00  999.9
2023/11/09 16:00:00.000   4201762.6036    177858.0640   4779299.3461   1   8   0.0005   0.0003   0.0007   0.0001  -0.0000   0.0004  -0.00  999.9
2023/11/09 17:00:00.000   4201762.5995    177858.0673   4779299.3484   1   8   0.0006   0.0003   0.0007   0.0002   0.0002   0.0005  10.00  999.9
---------------------------------------------
STATION: VITY - 3H00 STEP
---------------------------------------------
2023/11/09 08:05:00.000   4201762.6119    177858.0618   4779299.3419   1   7   0.0005   0.0002   0.0005  -0.0000  -0.0000   0.0004  -0.00  999.9
2023/11/09 09:00:00.000   4201762.6109    177858.0587   4779299.3335   1   8   0.0005   0.0002   0.0005   0.0001   0.0001   0.0004  -0.00  999.9
2023/11/09 10:00:00.000   4201762.6154    177858.0583   4779299.3318   1   7   0.0005   0.0002   0.0005   0.0000   0.0001   0.0004  -0.00  999.9
2023/11/09 11:00:00.000   4201762.6264    177858.0583   4779299.3367   1   9   0.0005   0.0002   0.0005   0.0001   0.0001   0.0004  -0.00  466.7
2023/11/09 12:00:00.000   4201762.6192    177858.0571   4779299.3310   1  10   0.0004   0.0002   0.0005   0.0001   0.0001   0.0004  -0.00  999.9
2023/11/09 13:00:00.000   4201762.6096    177858.0562   4779299.3372   1   9   0.0004   0.0002   0.0005   0.0001   0.0001   0.0004  -0.00  999.9
2023/11/09 14:00:00.000   4201762.6043    177858.0564   4779299.3429   1   5   0.0004   0.0002   0.0005   0.0001   0.0000   0.0003  -0.00  999.9
2023/11/09 15:00:00.000   4201762.6030    177858.0598   4779299.3423   1   8   0.0004   0.0002   0.0005   0.0001   0.0000   0.0003  -0.00  999.9
2023/11/09 16:00:00.000   4201762.6015    177858.0652   4779299.3462   1   8   0.0005   0.0003   0.0005   0.0001   0.0001   0.0004  10.00  999.9
---------------------------------------------
STATION: VITY - 4H00 STEP
---------------------------------------------
2023/11/09 08:05:00.000   4201762.6115    177858.0602   4779299.3387   1   8   0.0005   0.0002   0.0004   0.0001   0.0001   0.0004  -0.00  999.9
2023/11/09 09:00:00.000   4201762.6142    177858.0587   4779299.3334   1   7   0.0004   0.0002   0.0004   0.0001   0.0001   0.0004  -0.00  999.9
2023/11/09 10:00:00.000   4201762.6205    177858.0587   4779299.3323   1   9   0.0004   0.0002   0.0004  -0.0000  -0.0000   0.0003  -0.00  255.2
2023/11/09 11:00:00.000   4201762.6195    177858.0570   4779299.3341   1  10   0.0004   0.0002   0.0004   0.0001   0.0001   0.0003  -0.00  999.9
2023/11/09 12:00:00.000   4201762.6137    177858.0573   4779299.3341   1   9   0.0004   0.0002   0.0004   0.0001   0.0001   0.0003  -0.00  999.9
2023/11/09 13:00:00.000   4201762.6075    177858.0569   4779299.3377   1   5   0.0004   0.0002   0.0004   0.0001  -0.0000   0.0003  -0.00  999.9
2023/11/09 14:00:00.000   4201762.6038    177858.0584   4779299.3434   1   8   0.0004   0.0002   0.0005   0.0001   0.0001   0.0003  -0.00  999.9
2023/11/09 15:00:00.000   4201762.6017    177858.0614   4779299.3429   1   8   0.0004   0.0002   0.0004   0.0001   0.0001   0.0003  10.00  999.9
---------------------------------------------
STATION: VITY - 5H00 STEP
---------------------------------------------
2023/11/09 08:05:00.000   4201762.6143    177858.0599   4779299.3376   1   7   0.0004   0.0002   0.0004   0.0001   0.0001   0.0003  -0.00  999.9
2023/11/09 09:00:00.000   4201762.6185    177858.0589   4779299.3336   1   9   0.0004   0.0002   0.0004   0.0000   0.0000   0.0003  -0.00  264.9
2023/11/09 10:00:00.000   4201762.6170    177858.0575   4779299.3316   1  10   0.0004   0.0002   0.0004   0.0001   0.0001   0.0003  -0.00  999.9
2023/11/09 11:00:00.000   4201762.6144    177858.0572   4779299.3357   1   9   0.0003   0.0002   0.0004   0.0001   0.0001   0.0003  -0.00  999.9
2023/11/09 12:00:00.000   4201762.6111    177858.0578   4779299.3346   1   5   0.0003   0.0002   0.0004   0.0001   0.0000   0.0003  -0.00  999.9
2023/11/09 13:00:00.000   4201762.6065    177858.0583   4779299.3386   1   8   0.0003   0.0002   0.0004   0.0001   0.0000   0.0003  -0.00  999.9
2023/11/09 14:00:00.000   4201762.6026    177858.0599   4779299.3437   1   8   0.0003   0.0002   0.0004   0.0001   0.0001   0.0003  10.00  999.9
---------------------------------------------
STATION: VITY - 6H00 STEP
---------------------------------------------
2023/11/09 08:05:00.000   4201762.6179    177858.0597   4779299.3369   1   9   0.0003   0.0002   0.0004   0.0000   0.0000   0.0003  -0.00  415.0
2023/11/09 09:00:00.000   4201762.6159    177858.0578   4779299.3329   1  10   0.0003   0.0002   0.0003   0.0001   0.0001   0.0003  -0.00  999.9
2023/11/09 10:00:00.000   4201762.6132    177858.0576   4779299.3332   1   9   0.0003   0.0002   0.0003   0.0001   0.0001   0.0002  -0.00  999.9
2023/11/09 11:00:00.000   4201762.6117    177858.0576   4779299.3359   1   5   0.0003   0.0002   0.0003   0.0001   0.0000   0.0003  -0.00  999.9
2023/11/09 12:00:00.000   4201762.6099    177858.0587   4779299.3354   1   8   0.0003   0.0002   0.0003   0.0001   0.0000   0.0002  -0.00  999.9
2023/11/09 13:00:00.000   4201762.6051    177858.0596   4779299.3397   1   8   0.0003   0.0002   0.0004   0.0001   0.0001   0.0003  10.00  999.9
=============================================
STATION: MLVL
=============================================
---------------------------------------------
STATION: MLVL - 30 min STEP
---------------------------------------------
2023/11/09 08:05:00.000   4201762.6162    177858.0752   4779299.3687   1   7   0.0014   0.0007   0.0012  -0.0001   0.0004   0.0009  -0.00  999.9
2023/11/09 08:30:00.000   4201762.6203    177858.0798   4779299.3857   1   7   0.0013   0.0007   0.0014  -0.0004  -0.0002   0.0011  -0.00  999.9
2023/11/09 09:00:00.000   4201762.6183    177858.0794   4779299.3771   1   7   0.0015   0.0007   0.0016   0.0004   0.0003   0.0014  -0.00   30.4
2023/11/09 09:30:00.000   4201762.5996    177858.0822   4779299.3519   1   7   0.0014   0.0006   0.0016   0.0003   0.0003   0.0013  -0.00  743.9
2023/11/09 10:00:00.000   4201762.6273    177858.0856   4779299.3530   1   8   0.0013   0.0007   0.0014  -0.0004  -0.0005   0.0012  -0.00    5.0
2023/11/09 10:30:00.000   4201762.6269    177858.0843   4779299.3714   1   7   0.0012   0.0006   0.0014  -0.0002  -0.0004   0.0009  -0.00  999.9
2023/11/09 11:00:00.000   4201762.6199    177858.0917   4779299.3530   1   7   0.0014   0.0006   0.0010   0.0002   0.0002   0.0009  -0.00  999.9
2023/11/09 11:30:00.000   4201762.6124    177858.0889   4779299.3462   1   8   0.0017   0.0007   0.0014   0.0006   0.0006   0.0013  -0.00  863.5
2023/11/09 12:00:00.000   4201762.5967    177858.1559   4779299.3935   2   9   0.0081   0.0118   0.0053   0.0033  -0.0016   0.0031  -0.00    2.2
2023/11/09 12:30:00.000   4201762.5207    177858.0072   4779299.3174   2   7   0.0092   0.0108   0.0054  -0.0053  -0.0004   0.0036  -0.00    3.5
2023/11/09 13:00:00.000   4201762.6251    177858.0927   4779299.3726   1   8   0.0013   0.0006   0.0015  -0.0004  -0.0005   0.0011  -0.00  202.1
2023/11/09 13:30:00.000   4201762.7302    177857.9872   4779299.4691   2   9   0.0071   0.0123   0.0067  -0.0057   0.0040   0.0034  -0.00    4.0
2023/11/09 14:00:00.000   4201762.6117    177858.0879   4779299.3588   1   8   0.0012   0.0006   0.0019   0.0003   0.0005   0.0008  -0.00  686.9
2023/11/09 14:30:00.000   4201762.6060    177858.0914   4779299.3543   1  10   0.0010   0.0005   0.0013   0.0004   0.0004   0.0009  -0.00  999.9
2023/11/09 15:00:00.000   4201762.5998    177858.0812   4779299.3614   1   9   0.0011   0.0005   0.0013   0.0003   0.0004   0.0010  -0.00  999.9
2023/11/09 15:30:00.000   4201762.5958    177858.0860   4779299.3414   1   9   0.0010   0.0005   0.0012   0.0003   0.0002   0.0009  -0.00  999.9
2023/11/09 16:00:00.000   4201762.6016    177858.0776   4779299.3742   1   8   0.0009   0.0006   0.0013  -0.0002  -0.0006   0.0008  -0.00  999.9
2023/11/09 16:30:00.000   4201762.4977    177857.9987   4779299.3188   2   5   0.0092   0.0118   0.0068  -0.0039   0.0014   0.0043  -0.00    3.8
2023/11/09 17:00:00.000   4201762.5975    177858.0809   4779299.3541   1   6   0.0012   0.0007   0.0023   0.0004   0.0006   0.0012  -0.00  136.7
2023/11/09 17:30:00.000   4201762.6165    177858.0730   4779299.3609   1   8   0.0012   0.0006   0.0012   0.0004   0.0005   0.0008  -0.00  999.9
2023/11/09 18:00:00.000   4201762.6117    177858.0762   4779299.3574   1   8   0.0011   0.0005   0.0011   0.0004   0.0004   0.0008  -0.00  999.9
2023/11/09 18:30:00.000   4201762.5346    177858.0988   4779299.3662   2   8   0.0286   0.0212   0.0184   0.0044   0.0057   0.0101  10.00    3.2
---------------------------------------------
STATION: MLVL - 45 min STEP
---------------------------------------------
2023/11/09 08:05:00.000   4201762.6132    177858.0828   4779299.3720   1   6   0.0011   0.0005   0.0010  -0.0002   0.0003   0.0007  -0.00  999.9
2023/11/09 08:45:00.000   4201762.6162    177858.0787   4779299.3759   1   7   0.0011   0.0005   0.0012   0.0002   0.0002   0.0010  -0.00  999.9
2023/11/09 09:30:00.000   4201762.6132    177858.0835   4779299.3574   1   7   0.0011   0.0005   0.0013   0.0001  -0.0002   0.0010  -0.00  999.9
2023/11/09 10:15:00.000   4201762.6279    177858.0856   4779299.3673   1   7   0.0011   0.0005   0.0013  -0.0003  -0.0004   0.0008  -0.00  999.9
2023/11/09 11:00:00.000   4201762.6132    177858.0891   4779299.3494   1   7   0.0012   0.0005   0.0009   0.0002   0.0002   0.0008  -0.00  999.9
2023/11/09 11:45:00.000   4201762.5811    177858.1839   4779299.3490   2   9   0.0048   0.0080   0.0033   0.0026  -0.0012   0.0020  -0.00    3.0
2023/11/09 12:30:00.000   4201762.6340    177858.0923   4779299.3659   1   8   0.0015   0.0006   0.0013  -0.0003  -0.0003   0.0012  -0.00  999.9
2023/11/09 13:15:00.000   4201762.6256    177858.0916   4779299.3594   1   9   0.0010   0.0005   0.0012  -0.0002  -0.0004   0.0008  -0.00  250.7
2023/11/09 14:00:00.000   4201762.6031    177858.0875   4779299.3525   1  10   0.0010   0.0005   0.0014   0.0003   0.0005   0.0007  -0.00  999.9
2023/11/09 14:45:00.000   4201762.6018    177858.0856   4779299.3617   1   9   0.0008   0.0004   0.0011   0.0003   0.0003   0.0008  -0.00  999.9
2023/11/09 15:30:00.000   4201762.5969    177858.0863   4779299.3516   1   9   0.0008   0.0004   0.0010   0.0002  -0.0002   0.0007  -0.00   11.1
2023/11/09 16:15:00.000   4201762.5956    177858.0785   4779299.3370   1   5   0.0008   0.0005   0.0010  -0.0002  -0.0004   0.0007  -0.00  999.9
2023/11/09 17:00:00.000   4201762.6069    177858.0766   4779299.3655   1   6   0.0011   0.0006   0.0017   0.0004   0.0006   0.0009  -0.00  999.9
2023/11/09 17:45:00.000   4201762.6132    177858.0761   4779299.3577   1   8   0.0009   0.0004   0.0009   0.0003   0.0003   0.0007  -0.00  999.9
---------------------------------------------
STATION: MLVL - 1H STEP
---------------------------------------------
2023/11/09 08:05:00.000   4201762.6121    177858.0810   4779299.3720   1   7   0.0009   0.0005   0.0009  -0.0001   0.0002   0.0007  -0.00  999.9
2023/11/09 09:00:00.000   4201762.6057    177858.0813   4779299.3616   1   7   0.0010   0.0005   0.0012   0.0003   0.0003   0.0010  -0.00  999.9
2023/11/09 10:00:00.000   4201762.6289    177858.0856   4779299.3592   1   7   0.0009   0.0005   0.0010  -0.0003  -0.0003   0.0007  -0.00  999.9
2023/11/09 11:00:00.000   4201762.6158    177858.0901   4779299.3497   1   8   0.0010   0.0004   0.0008   0.0003   0.0003   0.0007  -0.00  999.9
2023/11/09 12:00:00.000   4201762.6217    177858.0978   4779299.3629   1   7   0.0013   0.0006   0.0012   0.0000   0.0003   0.0011  -0.00  329.5
2023/11/09 13:00:00.000   4201762.6270    177858.0916   4779299.3608   1   9   0.0009   0.0004   0.0010  -0.0002  -0.0003   0.0007  -0.00  999.9
2023/11/09 14:00:00.000   4201762.6066    177858.0899   4779299.3560   1  10   0.0008   0.0004   0.0010   0.0002   0.0003   0.0006  -0.00  999.9
2023/11/09 15:00:00.000   4201762.5967    177858.0835   4779299.3494   1   9   0.0007   0.0004   0.0009   0.0002   0.0002   0.0007  -0.00  999.9
2023/11/09 16:00:00.000   4201762.5962    177858.0796   4779299.3470   1   5   0.0007   0.0004   0.0009  -0.0002  -0.0004   0.0006  -0.00  999.9
2023/11/09 17:00:00.000   4201762.6086    177858.0757   4779299.3595   1   8   0.0009   0.0005   0.0011   0.0003   0.0004   0.0007  -0.00  999.9
2023/11/09 18:00:00.000   4201762.6125    177858.0752   4779299.3580   1   8   0.0009   0.0004   0.0009   0.0004   0.0003   0.0007  10.00  999.9
---------------------------------------------
STATION: MLVL - 1H30 STEP
---------------------------------------------
2023/11/09 08:05:00.000   4201762.6141    177858.0803   4779299.3729   1   7   0.0007   0.0004   0.0007   0.0001   0.0002   0.0006  -0.00  999.9
2023/11/09 09:30:00.000   4201762.6199    177858.0854   4779299.3577   1   7   0.0007   0.0003   0.0008  -0.0001  -0.0002   0.0006  -0.00  999.9
2023/11/09 11:00:00.000   4201762.6200    177858.0963   4779299.3623   1   9   0.0007   0.0003   0.0007   0.0002   0.0002   0.0006  -0.00  654.2
2023/11/09 12:30:00.000   4201762.6262    177858.0921   4779299.3593   1   9   0.0008   0.0003   0.0008  -0.0002  -0.0002   0.0006  -0.00  999.9
2023/11/09 14:00:00.000   4201762.6021    177858.0867   4779299.3582   1   9   0.0006   0.0003   0.0008   0.0002   0.0002   0.0005  -0.00  999.9
2023/11/09 15:30:00.000   4201762.5954    177858.0827   4779299.3432   1   5   0.0005   0.0003   0.0007   0.0000  -0.0002   0.0005  -0.00  999.9
2023/11/09 17:00:00.000   4201762.6102    177858.0760   4779299.3581   1   8   0.0007   0.0004   0.0008   0.0003   0.0003   0.0005  -0.00  999.9
---------------------------------------------
STATION: MLVL - 2H00 STEP
---------------------------------------------
2023/11/09 08:05:00.000   4201762.6108    177858.0808   4779299.3685   1   7   0.0006   0.0003   0.0007   0.0001   0.0001   0.0005  -0.00  999.9
2023/11/09 09:00:00.000   4201762.6183    177858.0843   4779299.3616   1   7   0.0006   0.0003   0.0007  -0.0001  -0.0001   0.0005  -0.00  999.9
2023/11/09 10:00:00.000   4201762.6220    177858.0887   4779299.3529   1   8   0.0007   0.0003   0.0006   0.0000   0.0001   0.0005  -0.00  999.9
2023/11/09 11:00:00.000   4201762.6171    177858.0962   4779299.3591   1   7   0.0006   0.0003   0.0006   0.0001   0.0002   0.0005  -0.00  999.9
2023/11/09 12:00:00.000   4201762.6245    177858.0930   4779299.3601   1   9   0.0007   0.0003   0.0007  -0.0001  -0.0002   0.0005  -0.00  999.9
2023/11/09 13:00:00.000   4201762.6145    177858.0906   4779299.3517   1  10   0.0005   0.0003   0.0006   0.0001   0.0001   0.0004  -0.00  999.9
2023/11/09 14:00:00.000   4201762.6002    177858.0862   4779299.3527   1   9   0.0005   0.0003   0.0007   0.0002   0.0002   0.0004  -0.00  999.9
2023/11/09 15:00:00.000   4201762.5957    177858.0820   4779299.3468   1   5   0.0005   0.0003   0.0006   0.0001  -0.0001   0.0004  -0.00  999.9
2023/11/09 16:00:00.000   4201762.6012    177858.0770   4779299.3540   1   8   0.0005   0.0003   0.0006   0.0001  -0.0001   0.0004  -0.00  999.9
2023/11/09 17:00:00.000   4201762.6109    177858.0755   4779299.3581   1   8   0.0006   0.0003   0.0007   0.0002   0.0003   0.0005  10.00  999.9
---------------------------------------------
STATION: MLVL - 3H00 STEP
---------------------------------------------
2023/11/09 08:05:00.000   4201762.6173    177858.0824   4779299.3666   1   7   0.0005   0.0002   0.0005  -0.0000  -0.0000   0.0004  -0.00  999.9
2023/11/09 09:00:00.000   4201762.6158    177858.0868   4779299.3549   1   8   0.0005   0.0002   0.0005   0.0001   0.0001   0.0004  -0.00  584.9
2023/11/09 10:00:00.000   4201762.6193    177858.0932   4779299.3576   1   7   0.0005   0.0002   0.0005   0.0001   0.0001   0.0004  -0.00  999.9
2023/11/09 11:00:00.000   4201762.6200    177858.0943   4779299.3589   1   9   0.0005   0.0002   0.0005   0.0001   0.0001   0.0004  -0.00  999.9
2023/11/09 12:00:00.000   4201762.6157    177858.0915   4779299.3536   1  10   0.0005   0.0002   0.0005   0.0001   0.0001   0.0004  -0.00  999.9
2023/11/09 13:00:00.000   4201762.6065    177858.0881   4779299.3520   1   9   0.0004   0.0002   0.0005   0.0001   0.0001   0.0003  -0.00  999.9
2023/11/09 14:00:00.000   4201762.5978    177858.0843   4779299.3486   1   5   0.0004   0.0002   0.0005   0.0001   0.0000   0.0003  -0.00  999.9
2023/11/09 15:00:00.000   4201762.5994    177858.0798   4779299.3520   1   8   0.0004   0.0002   0.0005   0.0001  -0.0000   0.0003  -0.00  999.9
2023/11/09 16:00:00.000   4201762.6042    177858.0762   4779299.3549   1   8   0.0004   0.0002   0.0005   0.0001   0.0001   0.0003  10.00  999.9
---------------------------------------------
STATION: MLVL - 4H00 STEP
---------------------------------------------
2023/11/09 08:05:00.000   4201762.6151    177858.0847   4779299.3599   1   8   0.0004   0.0002   0.0004   0.0001   0.0001   0.0004  -0.00  326.9
2023/11/09 09:00:00.000   4201762.6160    177858.0904   4779299.3574   1   7   0.0004   0.0002   0.0004   0.0001   0.0001   0.0004  -0.00  999.9
2023/11/09 10:00:00.000   4201762.6213    177858.0926   4779299.3583   1   9   0.0004   0.0002   0.0004  -0.0000  -0.0000   0.0003  -0.00  999.9
2023/11/09 11:00:00.000   4201762.6158    177858.0928   4779299.3553   1  10   0.0004   0.0002   0.0004   0.0001   0.0001   0.0003  -0.00  999.9
2023/11/09 12:00:00.000   4201762.6083    177858.0891   4779299.3529   1   9   0.0004   0.0002   0.0004   0.0001   0.0001   0.0003  -0.00  999.9
2023/11/09 13:00:00.000   4201762.6028    177858.0863   4779299.3489   1   5   0.0004   0.0002   0.0004   0.0001  -0.0001   0.0003  -0.00  999.9
2023/11/09 14:00:00.000   4201762.6000    177858.0825   4779299.3520   1   8   0.0004   0.0002   0.0005   0.0001   0.0001   0.0003  -0.00  999.9
2023/11/09 15:00:00.000   4201762.6019    177858.0786   4779299.3536   1   8   0.0004   0.0002   0.0004   0.0001   0.0001   0.0003  10.00  999.9
---------------------------------------------
STATION: MLVL - 5H00 STEP
---------------------------------------------
2023/11/09 08:05:00.000   4201762.6152    177858.0880   4779299.3608   1   7   0.0004   0.0002   0.0004   0.0001   0.0001   0.0003  -0.00  999.9
2023/11/09 09:00:00.000   4201762.6185    177858.0906   4779299.3584   1   9   0.0004   0.0002   0.0004   0.0000   0.0000   0.0003  -0.00  999.9
2023/11/09 10:00:00.000   4201762.6174    177858.0919   4779299.3552   1  10   0.0004   0.0002   0.0004   0.0001   0.0001   0.0003  -0.00  999.9
2023/11/09 11:00:00.000   4201762.6103    177858.0908   4779299.3540   1   9   0.0003   0.0002   0.0004   0.0001   0.0001   0.0003  -0.00  999.9
2023/11/09 12:00:00.000   4201762.6045    177858.0874   4779299.3498   1   5   0.0003   0.0002   0.0004   0.0001  -0.0000   0.0003  -0.00  999.9
2023/11/09 13:00:00.000   4201762.6041    177858.0845   4779299.3517   1   8   0.0003   0.0002   0.0004   0.0001   0.0000   0.0003  -0.00  999.9
2023/11/09 14:00:00.000   4201762.6020    177858.0812   4779299.3533   1   8   0.0003   0.0002   0.0004   0.0001   0.0001   0.0003  10.00  999.9
---------------------------------------------
STATION: MLVL - 6H00 STEP
---------------------------------------------
2023/11/09 08:05:00.000   4201762.6174    177858.0886   4779299.3613   1   9   0.0004   0.0002   0.0004   0.0000   0.0000   0.0003  -0.00  999.9
2023/11/09 09:00:00.000   4201762.6155    177858.0904   4779299.3556   1  10   0.0003   0.0002   0.0004   0.0001   0.0001   0.0003  -0.00  999.9
2023/11/09 10:00:00.000   4201762.6122    177858.0904   4779299.3543   1   9   0.0003   0.0002   0.0003   0.0001   0.0001   0.0003  -0.00  999.9
2023/11/09 11:00:00.000   4201762.6067    177858.0892   4779299.3510   1   5   0.0003   0.0002   0.0003   0.0001   0.0000   0.0002  -0.00  999.9
2023/11/09 12:00:00.000   4201762.6054    177858.0856   4779299.3521   1   8   0.0003   0.0002   0.0004   0.0001   0.0000   0.0002  -0.00  999.9
2023/11/09 13:00:00.000   4201762.6055    177858.0832   4779299.3533   1   8   0.0003   0.0002   0.0004   0.0001   0.0001   0.0002  10.00  999.9
=============================================
STATION: MELN
=============================================
---------------------------------------------
STATION: MELN - 30 min STEP
---------------------------------------------
2023/11/09 08:05:00.000   4201762.3017    177857.5432   4779298.9687   2   7   0.0118   0.0294   0.0101   0.0151  -0.0048   0.0047  -0.00    1.1
2023/11/09 08:30:00.000   4201762.6108    177857.7745   4779299.4224   2   7   0.0108   0.0215   0.0074   0.0131   0.0047   0.0047  -0.00    1.1
2023/11/09 09:00:00.000   4201762.8354    177858.2710   4779299.4449   2   7   0.0095   0.0153   0.0058   0.0090   0.0036   0.0036  -0.00    1.9
2023/11/09 09:30:00.000   4201762.7121    177858.0778   4779299.3518   1   7   0.0014   0.0006   0.0016   0.0003   0.0003   0.0013  -0.00  206.0
2023/11/09 10:00:00.000   4201763.9478    177857.9825   4779300.3584   1   7   0.0081   0.0034   0.0090  -0.0027  -0.0028   0.0077   5.00    5.8
2023/11/09 10:30:00.000   4201762.6646    177857.6332   4779299.4279   2   7   0.0077   0.0238   0.0063  -0.0071  -0.0050   0.0047  -0.00    1.2
2023/11/09 11:00:00.000   4201762.4134    177857.5487   4779299.1671   2   7   0.0071   0.0271   0.0073  -0.0038  -0.0086   0.0047  -0.00    1.6
2023/11/09 11:30:00.000   4201762.0716    177858.1758   4779298.1775   1   6   0.0038   0.0015   0.0034   0.0009   0.0011   0.0029  25.00    5.3
2023/11/09 12:00:00.000   4201762.4341    177858.0888   4779299.2325   2   9   0.0081   0.0119   0.0053   0.0032  -0.0016   0.0031  -0.00    1.3
2023/11/09 12:30:00.000   4201762.3133    177857.6836   4779299.1503   2   7   0.0092   0.0108   0.0054  -0.0053  -0.0004   0.0036  -0.00    1.5
2023/11/09 13:00:00.000   4201762.7010    177857.8567   4779299.1740   2   8   0.0099   0.0132   0.0062  -0.0086   0.0032   0.0038  -0.00    1.6
2023/11/09 13:30:00.000   4201762.9027    177857.9972   4779299.5520   2   9   0.0071   0.0123   0.0067  -0.0057   0.0040   0.0034  -0.00    1.3
2023/11/09 14:00:00.000   4201762.6480    177858.2803   4779299.3143   2   8   0.0069   0.0116   0.0073  -0.0039   0.0026   0.0047  -0.00    1.3
2023/11/09 14:30:00.000   4201762.6373    177858.0237   4779298.9961   2  10   0.0076   0.0101   0.0062  -0.0028  -0.0011   0.0044  -0.00    1.3
2023/11/09 15:00:00.000   4201762.4485    177857.9725   4779299.3339   2   9   0.0088   0.0083   0.0055  -0.0016   0.0009   0.0044  -0.00    4.7
2023/11/09 15:30:00.000   4201762.4208    177858.0649   4779299.0924   2   9   0.0109   0.0085   0.0059  -0.0051  -0.0023   0.0054  -0.00    1.3
2023/11/09 16:00:00.000   4201762.8447    177858.1027   4779299.5483   2   8   0.0123   0.0102   0.0066  -0.0075  -0.0032   0.0062  -0.00    4.3
2023/11/09 16:30:00.000   4201762.5672    177857.8166   4779299.2210   2   5   0.0092   0.0118   0.0069  -0.0039   0.0015   0.0043  -0.00    1.1
2023/11/09 17:00:00.000   4201762.5407    177858.0772   4779299.2552   1   6   0.0012   0.0007   0.0023   0.0004   0.0006   0.0012  -0.00    5.1
2023/11/09 17:30:00.000   4201762.5628    177858.0506   4779299.2629   1   8   0.0014   0.0006   0.0013   0.0004   0.0005   0.0009  -0.00   32.0
2023/11/09 18:00:00.000   4201762.5572    177858.0575   4779299.2806   1   8   0.0012   0.0006   0.0012   0.0004   0.0004   0.0009  -0.00  881.8
2023/11/09 18:30:00.000   4201762.4929    177858.0592   4779299.2573   2   8   0.0286   0.0212   0.0184   0.0044   0.0057   0.0101  10.00    1.1
---------------------------------------------
STATION: MELN - 45 min STEP
---------------------------------------------
2023/11/09 08:05:00.000   4201762.2983    177857.5731   4779299.0493   2   6   0.0075   0.0188   0.0056   0.0104   0.0019   0.0031  -0.00    1.9
2023/11/09 08:45:00.000   4201762.6804    177858.0829   4779299.3625   1   7   0.0013   0.0006   0.0014   0.0002   0.0003   0.0012  -0.00    5.1
2023/11/09 09:30:00.000   4201762.7107    177858.0861   4779299.3590   1   7   0.0011   0.0005   0.0013  -0.0000  -0.0002   0.0011  -0.00  999.9
2023/11/09 10:15:00.000   4201762.7792    177857.8736   4779299.3979   2   7   0.0047   0.0149   0.0037  -0.0046  -0.0026   0.0027  -0.00    3.1
2023/11/09 11:00:00.000   4201762.5805    177858.0928   4779299.2519   1   7   0.0016   0.0007   0.0013   0.0002   0.0004   0.0011  -0.00   55.2
2023/11/09 11:45:00.000   4201762.4503    177858.2119   4779299.1867   2   9   0.0048   0.0081   0.0033   0.0025  -0.0012   0.0020  -0.00    1.6
2023/11/09 12:30:00.000   4201762.5637    177857.9682   4779299.1707   2   8   0.0057   0.0069   0.0033  -0.0040  -0.0002   0.0023  -0.00    1.5
2023/11/09 13:15:00.000   4201762.6909    177857.8890   4779299.3362   2   9   0.0048   0.0084   0.0039  -0.0045   0.0025   0.0019  -0.00    1.2
2023/11/09 14:00:00.000   4201762.6393    177858.0934   4779299.3815   2  10   0.0042   0.0069   0.0043  -0.0022   0.0010   0.0029  -0.00    1.1
2023/11/09 14:45:00.000   4201762.6780    177858.0520   4779299.4419   2   9   0.0050   0.0053   0.0033  -0.0011   0.0006   0.0025  -0.00    1.8
2023/11/09 15:30:00.000   4201762.6473    177857.9560   4779299.2416   2   9   0.0073   0.0055   0.0039  -0.0039  -0.0019   0.0040  -0.00    1.1
2023/11/09 16:15:00.000   4201762.6054    177857.8912   4779299.2292   2   5   0.0056   0.0068   0.0039  -0.0030   0.0008   0.0025  -0.00    1.3
2023/11/09 17:00:00.000   4201762.5507    177858.0700   4779299.2765   1   6   0.0011   0.0006   0.0020   0.0004   0.0007   0.0010  10.00  999.9
2023/11/09 17:45:00.000   4201762.5550    177858.0562   4779299.2750   1   8   0.0010   0.0005   0.0010   0.0004   0.0004   0.0008  -0.00  999.9
---------------------------------------------
STATION: MELN - 1H STEP
---------------------------------------------
2023/11/09 08:05:00.000   4201762.4389    177857.7055   4779299.1968   2   7   0.0057   0.0134   0.0038   0.0078   0.0028   0.0025  -0.00    1.6
2023/11/09 09:00:00.000   4201762.7069    177858.0804   4779299.3632   1   7   0.0012   0.0006   0.0013   0.0003   0.0003   0.0011  -0.00  212.7
2023/11/09 10:00:00.000   4201762.6946    177858.0793   4779299.3934   1   7   0.0011   0.0006   0.0013  -0.0003  -0.0004   0.0008  -0.00   14.0
2023/11/09 11:00:00.000   4201762.6310    177858.0865   4779299.3033   1   7   0.0015   0.0006   0.0012   0.0004   0.0005   0.0011  25.00   39.8
2023/11/09 12:00:00.000   4201762.5335    177857.9775   4779299.1970   2   7   0.0036   0.0049   0.0022  -0.0013  -0.0004   0.0014  -0.00    1.3
2023/11/09 13:00:00.000   4201762.7081    177857.8543   4779299.2897   2   9   0.0039   0.0064   0.0027  -0.0038   0.0018   0.0013  -0.00    1.1
2023/11/09 14:00:00.000   4201762.6122    177858.0601   4779299.1789   2  10   0.0031   0.0048   0.0030  -0.0015  -0.0001   0.0020  -0.00    2.5
2023/11/09 15:00:00.000   4201762.5795    177858.0818   4779299.2804   1   9   0.0008   0.0004   0.0010   0.0002   0.0002   0.0007  -0.00  403.9
2023/11/09 16:00:00.000   4201762.6675    177857.9805   4779299.3256   2   5   0.0046   0.0048   0.0028  -0.0028  -0.0007   0.0021  -0.00    2.8
2023/11/09 17:00:00.000   4201762.5524    177858.0599   4779299.2642   1   8   0.0009   0.0005   0.0011   0.0003   0.0004   0.0007  -0.00  999.9
2023/11/09 18:00:00.000   4201762.5512    177858.0585   4779299.2801   1   8   0.0010   0.0005   0.0010   0.0004   0.0004   0.0008  10.00  999.9
---------------------------------------------
STATION: MELN - 1H30 STEP
---------------------------------------------
2023/11/09 08:05:00.000   4201762.6614    177858.0813   4779299.3468   1   7   0.0012   0.0006   0.0012   0.0001   0.0002   0.0010  -0.00    5.2
2023/11/09 09:30:00.000   4201762.6940    177858.0843   4779299.3555   1   7   0.0007   0.0004   0.0008  -0.0001  -0.0002   0.0006  -0.00  397.1
2023/11/09 11:00:00.000   4201762.6473    177858.0954   4779299.3418   1   8   0.0010   0.0005   0.0009   0.0003   0.0004   0.0008  25.00   44.5
2023/11/09 12:30:00.000   4201762.6839    177857.9344   4779299.2533   2   9   0.0027   0.0039   0.0018  -0.0024   0.0008   0.0011  -0.00    1.3
2023/11/09 14:00:00.000   4201762.6057    177858.0820   4779299.2885   1   9   0.0009   0.0004   0.0010   0.0002   0.0003   0.0007  -0.00  303.0
2023/11/09 15:30:00.000   4201762.6981    177857.9674   4779299.3156   2   5   0.0034   0.0030   0.0020  -0.0020  -0.0009   0.0018  -0.00    2.4
2023/11/09 17:00:00.000   4201762.5548    177858.0592   4779299.2731   1   8   0.0007   0.0004   0.0008   0.0003   0.0003   0.0005  -0.00  999.9
---------------------------------------------
STATION: MELN - 2H00 STEP
---------------------------------------------
2023/11/09 08:05:00.000   4201762.6870    177858.0794   4779299.3468   1   7   0.0009   0.0005   0.0010   0.0002   0.0002   0.0008  -0.00  657.6
2023/11/09 09:00:00.000   4201762.6925    177858.0847   4779299.3584   1   7   0.0007   0.0003   0.0007  -0.0001  -0.0002   0.0006  -0.00  415.1
2023/11/09 10:00:00.000   4201762.6589    177858.0847   4779299.3196   1   6   0.0011   0.0005   0.0009  -0.0002   0.0001   0.0007  -0.00   12.4
2023/11/09 11:00:00.000   4201762.6404    177858.0910   4779299.3524   1   9   0.0009   0.0004   0.0008   0.0003   0.0003   0.0007  -0.00    5.7
2023/11/09 12:00:00.000   4201762.6493    177858.0059   4779299.2335   2   9   0.0020   0.0028   0.0013  -0.0015   0.0005   0.0008  -0.00    1.4
2023/11/09 13:00:00.000   4201762.6109    177857.9718   4779299.2708   2  10   0.0017   0.0029   0.0015  -0.0013   0.0005   0.0010  -0.00    3.0
2023/11/09 14:00:00.000   4201762.5831    177858.0841   4779299.2754   1   9   0.0007   0.0003   0.0008   0.0002   0.0002   0.0006  -0.00  390.7
2023/11/09 15:00:00.000   4201762.5605    177858.0723   4779299.2524   1   8   0.0007   0.0004   0.0008   0.0002  -0.0001   0.0006  25.00   64.4
2023/11/09 16:00:00.000   4201762.6316    177857.9888   4779299.3068   2   8   0.0022   0.0026   0.0017   0.0006  -0.0004   0.0011  -0.00    4.2
2023/11/09 17:00:00.000   4201762.5525    177858.0595   4779299.2747   1   8   0.0007   0.0003   0.0007   0.0003   0.0003   0.0005  10.00  999.9
---------------------------------------------
STATION: MELN - 3H00 STEP
---------------------------------------------
2023/11/09 08:05:00.000   4201762.6865    177858.0842   4779299.3525   1   7   0.0006   0.0003   0.0007  -0.0001  -0.0001   0.0005  -0.00  381.0
2023/11/09 09:00:00.000   4201762.6748    177858.0837   4779299.3291   1   7   0.0006   0.0003   0.0005   0.0001   0.0000   0.0004  25.00   60.3
2023/11/09 10:00:00.000   4201762.6385    177858.0941   4779299.2668   1   7   0.0008   0.0004   0.0008   0.0001   0.0002   0.0006  -0.00   68.1
2023/11/09 11:00:00.000   4201762.6210    177858.0839   4779299.2998   1   8   0.0006   0.0003   0.0006   0.0001   0.0001   0.0005   5.00  900.1
2023/11/09 12:00:00.000   4201762.5795    177858.0849   4779299.2493   1  10   0.0007   0.0003   0.0007   0.0002   0.0002   0.0005  -0.00  382.5
2023/11/09 13:00:00.000   4201762.5867    177858.0821   4779299.2851   1   9   0.0006   0.0003   0.0007   0.0002   0.0002   0.0005  -0.00  415.9
2023/11/09 14:00:00.000   4201762.5680    177858.0759   4779299.2544   1   8   0.0006   0.0003   0.0007   0.0002   0.0001   0.0005  25.00   59.1
2023/11/09 15:00:00.000   4201762.5659    177858.0652   4779299.2626   1   8   0.0005   0.0003   0.0006   0.0001   0.0001   0.0004  -0.00  999.9
2023/11/09 16:00:00.000   4201762.5639    177858.0583   4779299.2825   1   8   0.0008   0.0004   0.0008   0.0003   0.0003   0.0006  10.00  999.9
---------------------------------------------
STATION: MELN - 4H00 STEP
---------------------------------------------
2023/11/09 08:05:00.000   4201762.6723    177858.0832   4779299.3289   1   7   0.0005   0.0002   0.0005   0.0001   0.0000   0.0004  25.00   60.9
2023/11/09 09:00:00.000   4201762.6676    177858.0841   4779299.3427   1   9   0.0005   0.0002   0.0005   0.0001   0.0001   0.0004  -0.00    5.1
2023/11/09 10:00:00.000   4201762.6270    177858.0912   4779299.2616   1   8   0.0006   0.0003   0.0006   0.0000  -0.0001   0.0005   5.00  408.5
2023/11/09 11:00:00.000   4201762.5997    177858.0838   4779299.2805   1  10   0.0005   0.0002   0.0005   0.0001   0.0001   0.0004  -0.00  232.1
2023/11/09 12:00:00.000   4201762.5817    177858.0822   4779299.2661   1   9   0.0005   0.0002   0.0005   0.0001   0.0001   0.0004  -0.00  379.0
2023/11/09 13:00:00.000   4201762.5810    177858.0734   4779299.2723   1   5   0.0004   0.0002   0.0006   0.0001  -0.0001   0.0004  -0.00    5.2
2023/11/09 14:00:00.000   4201762.5698    177858.0683   4779299.2620   1   8   0.0004   0.0002   0.0005   0.0001   0.0001   0.0004  -0.00  789.0
2023/11/09 15:00:00.000   4201762.5641    177858.0634   4779299.2698   1   8   0.0004   0.0002   0.0005   0.0001   0.0001   0.0003  10.00  999.9
---------------------------------------------
STATION: MELN - 5H00 STEP
---------------------------------------------
2023/11/09 08:05:00.000   4201762.6668    177858.0836   4779299.3409   1   9   0.0005   0.0002   0.0005   0.0001   0.0001   0.0004  -0.00    5.1
2023/11/09 09:00:00.000   4201762.6521    177858.0836   4779299.3176   1   8   0.0004   0.0002   0.0004   0.0001  -0.0000   0.0003   5.00  699.5
2023/11/09 10:00:00.000   4201762.6056    177858.0911   4779299.2624   1   9   0.0005   0.0002   0.0005   0.0001   0.0001   0.0004  25.00  106.1
2023/11/09 11:00:00.000   4201762.5954    177858.0826   4779299.2828   1   9   0.0004   0.0002   0.0004   0.0001   0.0001   0.0003  -0.00  350.6
2023/11/09 12:00:00.000   4201762.5791    177858.0765   4779299.2606   1   5   0.0004   0.0002   0.0005   0.0001   0.0000   0.0003  -0.00   15.0
2023/11/09 13:00:00.000   4201762.5730    177858.0692   4779299.2690   1   8   0.0004   0.0002   0.0005   0.0001   0.0001   0.0003  -0.00  766.3
2023/11/09 14:00:00.000   4201762.5676    177858.0660   4779299.2691   1   8   0.0004   0.0002   0.0005   0.0001   0.0001   0.0003  10.00  999.9
---------------------------------------------
STATION: MELN - 6H00 STEP
---------------------------------------------
2023/11/09 08:05:00.000   4201762.6525    177858.0832   4779299.3183   1   8   0.0004   0.0002   0.0004   0.0001   0.0000   0.0003   5.00  698.1
2023/11/09 09:00:00.000   4201762.6412    177858.0839   4779299.3061   1   7   0.0004   0.0002   0.0004   0.0001   0.0000   0.0003   5.00  200.7
2023/11/09 10:00:00.000   4201762.5966    177858.0915   4779299.2762   1   9   0.0004   0.0002   0.0004   0.0001   0.0001   0.0003  -0.00  431.5
2023/11/09 11:00:00.000   4201762.5909    177858.0784   4779299.2768   1   5   0.0003   0.0002   0.0004   0.0001   0.0001   0.0003  -0.00  175.3
2023/11/09 12:00:00.000   4201762.5734    177858.0725   4779299.2604   1   8   0.0004   0.0002   0.0004   0.0001   0.0001   0.0003  -0.00  496.7
2023/11/09 13:00:00.000   4201762.5705    177858.0671   4779299.2735   1   8   0.0004   0.0002   0.0004   0.0001   0.0001   0.0003  10.00  999.9