30 657716.382 6860675.984 113.896
30 657716.233 6860675.721 115.464
30 657716.505 6860675.689 112.593
30 657716.389 6860676.049 113.711
30 657716.361 6860676.038 113.730
30 657716.369 6860676.054 113.740
45 657716.389 6860676.014 113.883
45 657716.390 6860675.989 113.901
45 657716.403 6860676.016 113.735
45 657716.381 6860676.056 113.733
45 657716.367 6860676.052 113.734
60 657716.385 6860675.995 113.901
60 657716.384 6860676.024 113.916
60 657716.394 6860676.012 113.806
60 657716.392 6860676.036 113.755
60 657716.371 6860676.047 113.725
60 657716.370 6860676.058 113.736
90 657716.388 6860676.018 113.859
90 657716.389 6860675.999 113.887
90 657716.403 6860676.025 113.846
90 657716.391 6860676.022 113.779
90 657716.370 6860676.051 113.733
120 657716.385 6860675.999 113.876
120 657716.390 6860676.002 113.888
120 657716.391 6860676.002 113.837
120 657716.398 6860676.037 113.850
120 657716.394 6860676.030 113.754
120 657716.383 6860676.032 113.721
120 657716.371 6860676.054 113.733
180 657716.390 6860676.003 113.880
180 657716.389 6860675.996 113.855
180 657716.401 6860675.982 113.784
180 657716.392 6860676.018 113.797
180 657716.395 6860676.016 113.732
180 657716.392 6860676.034 113.763
180 657716.386 6860676.028 113.728
180 657716.376 6860676.035 113.732
180 657716.369 6860676.050 113.746
240 657716.389 6860675.998 113.853
240 657716.390 6860676.011 113.860
240 657716.399 6860675.988 113.773
240 657716.393 6860676.021 113.769
240 657716.392 6860676.025 113.746
240 657716.379 6860676.032 113.735
240 657716.374 6860676.041 113.737
300 657716.390 6860676.010 113.858
300 657716.390 6860676.006 113.831
300 657716.400 6860676.004 113.759
300 657716.392 6860676.026 113.767
300 657716.380 6860676.034 113.742
300 657716.377 6860676.038 113.738
360 657716.390 6860676.006 113.832
360 657716.391 6860676.007 113.815
360 657716.401 6860676.020 113.764
360 657716.383 6860676.028 113.736
360 657716.378 6860676.039 113.744
