VTY1 000 04 45 180 04 48 045 04 42 225 04 32 090 08 22 270 08 30 135 00 29 315 01 13 
VTY2 000 07 44 180 07 43 045 07 29 225 07 21 090 11 13 270 11 12 135 03 09 315 03 59 
IMBM 027 05 53 207 06 04 072 05 49 252 05 14 117 09 27 297 09 37 162 01 24 342 02 19 
GLYN 059 44 46 239 44 50 104 44 28 284 44 06 149 48 30 329 48 25 194 40 10 014 41 10 
PTHN 069 09 23 249 09 29 114 09 13 294 08 47 159 13 07 339 13 05 204 04 47 024 05 48 
SEDM 069 17 57 249 18 09 114 17 48 294 17 21 159 21 54 339 21 41 204 13 37 024 14 22 
INVD 080 23 48 260 23 53 125 23 39 305 23 14 170 27 38 350 27 33 215 19 26 035 20 17 
TFLE 083 11 05 263 11 12 128 10 58 308 10 28 173 14 53 353 14 51 218 07 01 038 07 38 
BAT4 203 40 40 023 40 30 248 40 30 068 39 37 x x x x x x 338 36 58 158 37 15 
CDTN x x x x x x x x x x x x x x x x x x 184 24 49 004 25 38 

CDTN 000 48 24 180 48 29 045 15 57 225 15 37 
PTHN 020 28 29 200 28 13 064 56 03 244 55 50 

----------------------------------------------------------
Solution GNSS :
----------------------------------------------------------
XYZ - ECEF   : 4200405.8507 177938.2824 4780534.5722       
RGF 93 - Géo : 2.42572288 48.86120665 154.272   
Lambert 93   : 657867.236 6862505.739 154.272

IGNF: 4201694.1440   177888.8370  4779371.7670 
PANA: 4201030.6890   175603.7900  4780030.2470
LDB_IGNF:  -1288.293     49.445   1162.805    [1.7 km]
LDB_PANA:   -624.840   2334.490     504.33    [2.5 km]
----------------------------------------------------------

Google Maps : 48.86120665 2.42572288 
 
 
 
 
 
 
 
 
