
Plan de station :

a = 0.770 m de la barrière
b = 2.007 m de la pelouse côté stade
c = 0.010 m à l'ouest de la seconde ligne



|              |    ^ Vers Paris
|              |      
|              |      -> Vers le stade
| ------------ |
|              |      <-  Vers Fontenay
|              |
| a        b   |
|<->|<-------->|
|   x          |    x = point de station S2
|   | c        |
| ------------ |
|              |
|              |
|              |


---------------------------------------------------------------------
Série principale
---------------------------------------------------------------------
VTRY1 044 01 31 224 01 35 088 55 57 268 55 54 133 59 15 313 59 14 181 10 49 01 10 41 
VTRY2 044 04 36 224 04 29 088 58 52 268 58 53 134 02 09 314 02 03 181 13 43 001 13 40 
ANFN 081 11 14 261 11 04 126 05 32 306 05 36 171 08 50 351 08 47 218 20 24 038 20 24 
CHSL_E 083 55 28 263 55 17 128 49 49 308 49 48 173 52 58 353 52 55 221 04 40 041 04 38 
MRVC 096 15 30 276 15 19 141 09 50 321 09 45 186 13 01 006 12 59 233 24 40 053 24 41 
EGLV 099 30 14 279 29 59 144 24 31 324 24 30 189 27 54 009 27 47 236 39 28 056 39 30 
IMJR 099 50 17 279 50 00 144 44 32 324 44 27 189 47 52 009 47 47 236 59 32 056 59 28 
PTHN 100 07 41 280 07 28 145 01 56 325 01 53 190 05 19 010 05 08 237 17 01 057 16 55 
IMBM 101 26 55 281 26 46 146 21 37 326 21 12 191 24 39 011 24 28 238 36 18 058 36 17 
GLOB 103 03 41 283 03 25 147 57 58 327 57 57 193 01 22 013 01 10 240 12 56 060 12 51 
EGLM 110 20 00 290 19 49 155 14 21 335 14 13 200 17 39 020 17 29 247 29 17 067 29 24 
BAT4 129 44 41 309 44 26 174 39 01 354 39 05 219 42 19 039 42 17 266 53 57 086 54 00 



7 	S2 	ANFN 	  0.0000 	0.00060 
5 	S2 	VTRY1 	-41.2620 	0.00031 
5 	S2 	CHSL_E 	  3.0410 	0.00043 
5 	S2 	MRVC 	 16.7451 	0.00030 
5 	S2 	EGLV 	 20.3519 	0.00053 
5 	S2 	IMJR 	 20.7224 	0.00058    *Attention : IMJR2
5 	S2 	PTHN 	 21.0451 	0.00075 
5 	S2 	IMBM 	 22.5147 	0.00072 
5 	S2 	GLOB 	 24.3044 	0.00038 
5 	S2 	EGLM 	 32.3851 	0.00081 
5 	S2 	BAT4 	 53.9535 	0.00055 




---------------------------------------------------------------------
Série de mesures réitératives sur le couple ANFN - CHSL_E
---------------------------------------------------------------------

ANFN 218 20 30 038 20 22 218 20 29 038 20 28 218 20 27 038 20 27 218 20 27 038 20 25 338 26 59 158 26 53 338 26 56 158 26 55 338 26 56 158 26 55 338 27 00 158 26 54 278 38 20 098 38 21 278 38 12 098 38 18 278 38 21 098 38 22 278 38 23 098 38 25 
CHSL_E 221 04 43 041 04 41 221 04 44 041 04 42 221 04 43 041 04 42 221 04 46 041 04 42 341 11 10 161 11 09 341 11 13 161 11 08 341 11 13 161 11 07 341 11 15 161 11 11 281 22 34 101 22 34 281 22 35 101 22 35 281 22 36 101 22 32 281 22 35 101 22 36 



Cercle 1 :  2.73745° +/- 0.0003°  [1.0"]
Cercle 2 :  2.73778° +/- 0.0004°  [1.4"]
Cercle 3 :  2.73733° +/- 0.0010°  [3.6"]

Ecart-type :  0.0002° [0.5"]

Mesure agrégée :    2.7375°   +/- 0.0001°



---------------------------------------------------------------------
Instructions Comp3D :
---------------------------------------------------------------------

7 	S2 	ANFN 	  0.0000 	0.00060 
5 	S2 	VTRY1 	-41.2620 	0.00031 
5 	S2 	CHSL_E 	  3.0410 	0.00043 
5 	S2 	MRVC 	 16.7451 	0.00030 
5 	S2 	EGLV 	 20.3519 	0.00053 
5 	S2 	IMJR 	 20.7224 	0.00058 
5 	S2 	PTHN 	 21.0451 	0.00075 
5 	S2 	IMBM 	 22.5147 	0.00072 
5 	S2 	GLOB 	 24.3044 	0.00038 
5 	S2 	EGLM 	 32.3851 	0.00081 
5 	S2 	BAT4 	 53.9535 	0.00055 


7 	S2 	CHSL_E 	  0.0000    0.00060 
5 	S2 	IGNF     12.0756 	0.00100

7 	S2 	ANFN 	  0.0000 	0.00020 
5 	S2 	CHSL_E 	  3.0417 	0.00020 
