4200727.1485    179777.1906   4780179.5653
4200727.1469    179777.1915   4780179.5650
4200727.1508    179777.1920   4780179.5694
4200727.1468    179777.1906   4780179.5780
4200727.1448    179777.1908   4780179.5689
4200727.1464    179777.1905   4780179.5688



4200727.1470    179777.1925   4780179.5742






 4200727.1404    179777.1972   4780179.5506    659686.735 6861958.618 149.568
 4200727.1415    179777.1881   4780179.5652    659686.725 6861958.627 149.579
 4200727.1526    179777.1940   4780179.5791    659686.731 6861958.628 149.597
 
 
x = c(659686.735, 659686.725, 659686.731)
y = c(6861958.618, 6861958.627, 6861958.628)


659686.730 6861958.624



---------------------------------------
Solution Lambert 93
---------------------------------------

659686.730 6861958.629 149.590

Ecart-type : 5 mm



Instruction Comp3D :
7 S3 659686.730 6861958.629 0.000 0.005 0.005 0.000