* --------------------------------------------------------------
* OBSERVATIONS T2
* --------------------------------------------------------------

LED 288 50 30 108 50 22 333 12 37 153 12 47 333 12 22 153 12 52 013 20 53 193 21 17 
VITY1 288 51 04 108 50 57 333 13 12 153 13 21 333 12 54 153 13 28 013 21 31 193 21 44 
VITY2 288 54 31 108 54 40 333 16 52 153 17 08 333 16 37 153 17 04 013 25 05 193 25 29 
EGLV 057 50 36 237 50 34 102 12 45 282 12 12 102 12 37 282 12 17 142 20 50 322 21 15 
GLOB 090 34 07 270 33 55 134 56 14 314 55 55 134 56 12 314 55 50 175 04 24 355 05 01 
IGNF1 122 27 21 302 27 19 166 49 40 346 49 12 166 49 26 346 49 14 206 57 50 026 58 14 
IGNF2 122 38 57 302 38 45 167 01 08 347 00 41 167 00 53 347 00 43 207 09 17 027 09 43 
MRVC 178 40 30 358 40 25 223 02 36 043 02 16 223 02 32 043 02 22 263 10 52 083 11 22 
TUBE 201 50 30 021 50 25 246 12 33 066 12 17 246 12 31 066 12 20 286 20 56 106 21 25 



7 	S0 	LED 	   0.0000 	0.00060 
5 	S0 	VTRY  	   0.0444 	0.00048 
5 	S0 	EGLV 	 143.3320 	0.00133 
5 	S0 	GLOB 	 179.6944 	0.00102 
5 	S0 	IGNF 	-184.7673 	0.00094 
5 	S0 	MRVC 	-122.4091 	0.00118 
5 	S0 	TUBE 	 -96.6683 	0.00142 



* --------------------------------------------------------------
* GNSS
* --------------------------------------------------------------


T2 = [
    0.0000
    0.0439
  143.3343
  179.6964
 215.2346
 277.5931
 303.3344
 ];
 

TM60 = [
  0.0000 
  0.0439 
143.3376 
179.7008 
215.2396 
277.5966 
303.3372];
