VTY1 000 09 29 180 09 41 050 03 53 230 03 44 100 08 45 280 08 42 150 09 51 330 09 44 
VDGC 052 32 08 232 32 20 102 26 42 282 26 30 152 31 29 332 31 19 202 32 38 022 32 17 
CDTN 057 00 58 237 01 19 106 55 39 286 55 31 157 00 28 337 00 21 207 01 30 027 01 18 
PTHN 056 15 03 236 15 27 106 09 38 286 09 33 156 14 31 336 14 22 206 15 38 026 15 23 
SRBN 057 50 29 237 50 57 107 45 06 287 45 03 157 50 02 337 50 01 207 51 10 027 50 49 
SSP1 059 35 53 239 36 07 109 30 24 289 30 19 159 35 15 339 35 08 209 36 23 029 35 52 
SSP2 059 40 12 239 40 20 109 34 36 289 34 40 159 39 35 339 39 27 209 40 33 029 40 09 
NTDM 061 09 54 241 10 16 111 04 14 291 04 19 161 09 14 341 09 08 211 10 28 031 09 47 
INVD 061 40 17 241 40 14 111 34 28 291 34 24 161 39 26 341 39 18 211 40 28 031 40 07 
TFLE 062 58 30 242 58 27 112 52 41 292 52 38 162 57 38 342 57 30 212 58 45 032 58 18 
DOME 073 18 47 253 18 44 123 12 57 303 13 07 173 17 53 353 17 46 223 19 00 043 18 31 

BCTR 030 06 41 210 06 45 080 00 55 260 00 40 180 06 43 000 06 49 129 58 17 309 58 16 
ANFN 037 19 43 217 19 43 087 13 55 267 13 49 187 19 48 007 19 48 137 11 22 317 11 18 
MRVC 052 23 39 232 23 29 102 17 44 282 17 34 202 23 36 022 23 39 152 15 07 332 15 09 
IMJR 056 01 15 236 01 12 105 55 23 285 55 12 206 01 12 026 01 22 155 52 55 335 52 54 
IMBM 057 34 48 237 34 39 107 28 52 287 28 43 207 34 45 027 34 56 157 26 33 337 26 24 
GLOB 059 11 31 239 11 34 109 05 42 289 05 23 209 11 32 029 11 34 159 03 11 339 03 13 
TFLE 062 58 24 242 58 29 112 52 33 292 52 17 212 58 30 032 58 37 162 50 03 342 50 01 
BAT4 085 52 07 265 51 56 135 46 12 315 45 55 235 52 07 055 52 04 185 43 48 005 43 40 


----------------------------------------------------------------------
Solution GNSS :
----------------------------------------------------------------------
XYZ - ECEF        : 4201218.8691    181224.7258   4779689.5368
XYZ - ECEF (IGNF) : 4201218.8690    181224.7266   4779689.5290 
XYZ - ECEF (PANA) : 4201218.8692    181224.7250   4779689.5445 

Lambert 93 (IGNF) : 661106.547 6861209.830 144.711
Lambert 93 (PANA) : 661106.545 6861209.841 144.723

RGF 93 - Géo : 2.46999243 48.84975635 144.723


IGNF: 4201694.1440   177888.8370  4779371.7670 
PANA: 4201030.6890   175603.7900  4780030.2470
LDB_IGNF:   -475.275  3335.896    317.762   [3.4 km]
LDB_PANA:   -188.182  5620.935   -340.703  [5.6 km]
----------------------------------------------------------------------

Google Maps : 48.84975635 2.46999243 
