------------------------------------------------------
Point PO
------------------------------------------------------
RNO 349 44 18 169 43 58 039 27 37 219 27 30 056 13 05 236 12 46 
CHSL_E 100 46 11 280 46 08 150 29 35 330 29 34 167 14 54 347 14 58 
RNE 146 37 25 326 37 13 196 20 55 016 20 36 213 06 02 033 06 13 
PE 148 44 05 328 43 56 198 27 20 018 27 12 215 12 35 035 12 30 



Instructions Comp3D :
7 	PO 	RNO 	  0.0000 	0.00060 0.010
5 	PO 	CHSL_E 	123.3707 	0.00007 0.000
5 	PO 	RNE 	174.3184 	0.00008 0.010
5 	PO 	PE 	    176.6617 	0.00114 0.000


------------------------------------------------------
Point PE
------------------------------------------------------
PO 218 36 25 038 36 20 265 07 20 085 07 10 310 06 15 130 06 00 
CHSL_E 285 04 30 105 04 13 331 35 16 151 35 09 16 34 09 196 33 55 
RNO 220 23 22 040 23 13 266 54 14 086 54 10 311 53 05 131 52 58 


Instructions Comp3D :
7 	PE 	PO 	     0.0000 	0.00060 
5 	PE 	RN0 	 1.9800 	0.00022
5 	PE 	CHSL_E 	73.8509 	0.00033  
 
 
------------------------------------------------------
Point ESVC
------------------------------------------------------
RNO 131 06 40 311 06 25 220 07 05 040 06 52 
CHSL_E 182 55 49 002 55 45 271 56 11 091 56 04 
RNE 215 25 00 035 24 47 304 25 16 124 25 15 
PE 219 37 48 039 37 38 308 38 08 128 38 03 
TUBE 136 07 42 316 07 36 225 08 12 045 08 07 


Instructions Comp3D :
7 	ESVC 	RNO 	 0.0000 	0.00060 
5 	ESVC 	TUBE 	 5.5768 	0.00049 
5 	ESVC 	CHSL_E 	57.5777 	0.00060 
5 	ESVC 	RNE 	93.6725 	0.00044 
5 	ESVC 	PE 	    98.3546 	0.00038 
