# -------------------------------------------------------------------------
# Station 1 : butte orientée sud-est
# -------------------------------------------------------------------------

# Série 1

BMTS 106 08 35 286 08 35 151 04 12 331 04 17 196 03 00 016 02 33 241 06 34 061 06 38 
IMJR 159 20 15 339 19 53 204 15 43 024 15 17 249 14 34 069 14 09 294 18 12 114 18 00 
BMAT 163 35 11 343 35 07 208 30 45 028 30 16 253 29 36 073 29 02 298 33 08 118 33 05 
IMJG 164 50 31 344 50 00 209 46 05 029 45 35 254 44 58 074 44 21 299 48 33 119 48 34 
ANFN 167 08 16 347 07 56 212 03 52 032 03 21 257 02 43 077 02 08 302 06 14 122 06 10 
MRVC 170 52 35 350 52 05 215 48 02 035 47 42 260 46 48 080 46 22 305 50 22 125 50 22 
BCTR 238 30 51 058 30 41 283 26 30 103 25 56 328 25 21 148 24 42 013 28 54 193 28 47 
BAT4 345 16 36 165 16 38 030 12 15 210 11 30 075 10 43 255 10 12 120 14 51 300 14 24 


# Série 2
FTSB 258 49 03 078 48 21 092 00 42 272 00 50 
MRVC 305 50 22 125 50 22 139 02 24 319 02 35 




# -------------------------------------------------------
# GNSS
# -------------------------------------------------------

Solution IGNF : 4200326.8207    178229.8488   4780590.3796 
                658162.472 6862590.469 152.482

Solution PANA : 4200326.8192    178229.8479   4780590.3863
                658162.471 6862590.475 152.486


Solution Lambert 93 :   E = 658162.472, N = 6862590.469, h = 152.482

Sigma : 5 mm

Google Maps : 48.86198792 2.42973852



# -------------------------------------------------------------------------
# Station GPS 2 : côte fractionné
# -------------------------------------------------------------------------
VTY1 109 41 07 289 40 31 155 07 24 335 07 05 200 13 28 020 13 17 245 13 03 065 12 40 x x x x x x x x x x x x x x x x x x x x x x x x 
VTY2 109 43 51 289 43 33 155 10 12 335 09 57 200 16 19 020 16 02 245 15 43 065 15 25 x x x x x x x x x x x x x x x x x x x x x x x x 
GLOB 114 44 30 294 44 13 160 10 47 340 10 18 205 17 05 025 16 40 250 16 32 070 16 14 270 07 23 090 06 50 315 06 24 135 06 13 350 07 08 170 07 04 035 10 11 215 09 48 
IMBM 135 49 41 315 49 36 181 16 05 001 15 53 226 22 12 046 21 57 271 21 42 091 21 29 291 12 24 111 12 13 336 11 29 156 11 34 011 12 34 191 12 25 056 15 21 236 14 53 
TFLE 193 33 41 013 33 20 239 00 01 058 59 42 284 06 05 104 05 50 329 05 35 149 05 24 348 56 15 168 56 00 033 55 41 213 55 29 068 56 23 248 56 09 113 59 16 293 58 54 



# -------------------------------------------------------
# GNSS
# -------------------------------------------------------
Solution IGNF : 4200433.3824    177867.2531   4780492.1916
                657794.779 6862459.937 138.474
				
Solution PANA : 4200433.3785    177867.2527   4780492.1939
                657794.779 6862459.941 138.473

Solution Lambert 93 : E = 657794.779, N = 6862459.937, h = 138.474

Sigma : 5 mm

Google Maps : 48.86079002 2.42473987


# -------------------------------------------------------------------------
# Initialisation Comp
# -------------------------------------------------------------------------
1 S10 658162.472 6862590.469 152.482 0.005 0.005 0.005
1 S11 657794.779 6862459.937 138.474 0.005 0.005 0.005
