A = [
90.0294 290.0283
113.1085 313.1056
137.4221 337.4207
140.4106 340.4084
141.0947 341.0927
143.2768 343.2764
146.3918 346.3903
172.4723 372.4706
173.7574 373.7564
178.7628 378.7628
180.4598 380.4560
180.8621 380.8604
190.2652 390.2640
196.8781 396.8777];


7 ANFN   90.02885 0.0080
5 IMJR  113.10705 0.0080
5 MRVC  137.42140 0.0080
5 NDVC  140.40950 0.0080
5 TUBE  141.09370 0.0080
5 IMJG  143.27660 0.0080
5 BCTR  146.39105 0.0080
5 MTYA  172.47145 0.0080
5 EGLV  173.75690 0.0080
5 IMBM  178.76280 0.0080
5 GLOB  180.45790 0.0080
5 PTHN  180.86125 0.0080
5 TFLE  190.26460 0.0080
5 EGLM  196.87790 0.0080














