PTB1 092 07 58 267 51 51
PTB2 092 18 28 267 41 20
PSQC 090 39 46 269 20 04
PZ30 089 53 57 270 05 57
PZNO 088 54 38 271 05 17
LMP1 090 15 06 269 44 48
ROIO 080 23 32 279 36 33
ROI1 082 45 25 277 14 33
ROI2 082 53 43 277 06 15
PLB0 089 43 59 270 15 54
MNHQ 088 31 58 271 27 49
PDBS 084 41 22 275 18 28
CHSL_O 080 38 23 279 21 36
CHSL_E 081 24 00 278 35 47
RNN1 083 35 24 276 24 40
LMP2 090 07 48 269 51 55
PZNE 089 14 13 270 45 38
CSGP 089 56 13 270 03 30
FTNE 091 08 53 268 51 12
TMLE 090 47 05 269 12 59
BT11 088 22 03 271 36 59
CAS1 086 47 48 273 12 06
CAS2 090 39 57 269 26 06
FTCE 090 03 54 269 51 53



       pt       zen
1    PTB1 102.37145
2    PTB2 102.56605
3    PSQC 100.73796
4    PZ30  99.88889
5    PZNO  98.79028
6    LMP1 100.28056
7    ROIO  89.32392
8    ROI1  91.95247
9    ROI2  92.10617
10   PLB0  99.70448
11   MNHQ  98.37176
12   PDBS  94.10093
13 CHSL_O  89.59985
14 CHSL_E  90.44645
15   RNN1  92.87716
16   LMP2 100.14707
17   PZNE  99.15355
18   CSGP  99.93256
19   FTNE 101.27485
20   TMLE 100.87130
21   BT11  98.19506
22   CAS1  96.44167
23   CAS2 100.68380
24   FTCE 100.11127
