VTRY1 322 51 35 142 51 14 007 08 04 187 07 20 052 06 41 232 06 15 165 08 06 345 08 02 097 50 40 277 51 08 120 06 06 300 05 58 
VTRY2 322 54 20 142 54 10 007 10 42 187 10 16 052 09 38 232 09 13 165 10 55 345 10 50 097 53 37 277 54 01 120 08 47 300 08 56 
ANFN 000 00 58 180 00 47 044 17 08 224 17 00 089 16 09 269 15 50 202 17 35 022 17 33 135 00 31 315 00 42 157 15 34 337 15 39 
CHSL_E 002 45 09 182 45 03 047 01 18 227 00 58 092 00 15 272 00 00 205 01 43 025 01 37 137 44 40 317 44 50 159 59 40 339 59 46 
MRVC 015 05 10 195 05 01 059 21 25 239 21 07 104 20 20 284 20 04 217 21 43 037 21 39 150 04 50 330 04 48 172 19 40 352 19 40 
EGLV 018 20 03 198 19 43 062 36 07 242 35 55 107 34 58 287 34 42 220 36 23 040 36 22 153 19 33 333 19 29 175 34 27 355 34 21 
IMJR 018 42 59 198 42 32 062 59 04 242 58 51 107 57 52 287 57 36 220 59 18 040 59 18 153 42 30 333 42 24 175 57 23 355 57 26 
IMBM 020 16 50 200 16 34 064 32 50 244 32 33 109 31 37 289 31 23 XXX XX XX XXX XX XX 155 16 18 335 16 11 XXX XX XX XXX XX XX 
GLOB 021 53 31 201 53 23 066 09 38 246 09 24 111 08 33 291 08 19 224 09 48 044 09 53 156 53 09 336 53 04 179 07 52 359 08 05 
EGLM 029 10 00 209 09 38 073 26 01 253 25 41 118 24 45 298 24 29 231 26 04 051 26 04 164 09 20 344 09 22 186 24 10 006 24 24 
BAT4 048 34 31 228 34 25 092 50 38 272 50 28 137 49 30 317 49 20 250 50 47 070 50 50 183 34 01 003 34 04 205 48 55 025 49 11 


Observations Comp3D

7 	S2 	ANFN 	  0.0000 	0.00060 
5 	S2 	VITRY 	-41.2611 	0.00063 
5 	S2 	CHSL_E 	  3.0394 	0.00037 
5 	S2 	MRVC 	 16.7439 	0.00045 
5 	S2 	EGLV 	 20.3497 	0.00059 
5 	S2 	IMJR 	 20.7744 	0.00047
5 	S2 	IMBM 	 22.5120 	0.00105  
5 	S2 	GLOB 	 24.3043 	0.00072 
5 	S2 	EGLM 	 32.3835 	0.00104 
5 	S2 	BAT4 	 53.9525 	0.00078 


 	 
 	 
 	 
 	 
 	 
 	 
 	 
 	 
 	 
 	 