AMAR : Point sur le plot d'amarrage au sud-est du chantier

Point excentré sur le plot (diamètre 33 cm)


      ^ 
      |   vers PNE (alignement rembarde)
      |
	  |
              
			 O     D1 = +50 mm   
			  + ----------------- 
			                     | 
                                 |	  D2 = -10 mm
                                 |								 
                                AMAR

			  
			  
O = Centre du plot

      
	  
-----------------------------------------------------
LECTURES D'ANGLES
-----------------------------------------------------
CHSG 248 34 31 068 34 20 292 45 21 112 45 14 337 55 11 157 55 10 022 14 59 202 14 42 
CHSD 249 56 32 069 56 28 294 07 28 114 07 07 339 17 28 159 17 27 023 37 11 203 36 54 
CGNG 262 22 00 082 22 12 306 33 00 126 32 36 351 42 40 171 42 42 036 02 11 216 02 14 
CHLED 263 04 57 083 05 09 307 15 45 127 15 38 352 25 46 172 25 46 036 45 26 216 45 18 
CHND 263 15 37 083 15 51 307 26 34 127 26 31 352 36 37 172 36 38 036 56 21 216 56 13 
PNE 330 51 04 150 51 23 015 01 56 195 01 59 060 12 01 240 12 06 104 31 34 284 31 52 






7 AMAR 657526.196 6854716.129 0.000 0.005 0.005 0.005

Observations Comp3D (en gon): 
7 	AMAR 	VTRY_CHS 	 0.7606 	0.00101   
5 	AMAR 	VTRY_CHN 	15.8229 	0.00080 
5 	AMAR 	VTRY_LED 	16.1210 	0.00080   
5 	AMAR 		 PNE 	91.4223 	0.00080 

















