Point sur la plaque d'égoût au Nord-Est


Plaque d'égout (x3)


    -----> D1
    |
D2  | 
    v

    x -------------------
	|                   |
	|                   |
	|                   |
	--------------------
	
	
Origine au coin 'x' (le plus proche de BAT4) à la jonction béton/métal)
Delta_D1 = -20 mm
Delta_D2 = -60 mm

-----------------------------------------------------
LECTURES D'ANGLES
-----------------------------------------------------
BAT4 143 38 11 323 38 06 202 40 22 022 40 23 260 10 20 080 10 16 
PNE 200 34 22 020 34 20 259 36 32 079 36 41 317 06 35 137 06 28 
CHSG 321 58 06 141 57 50 021 00 12 201 00 05 078 30 09 258 30 05 
CHSD 322 51 04 142 51 02 021 53 19 201 53 24 079 23 11 259 23 13 
CHLED 325 36 39 145 36 37 024 38 54 204 38 45 082 08 47 262 08 50 
CHNG 325 42 26 145 42 27 024 44 39 204 44 26 082 14 35 262 14 35 
CHND 326 28 44 146 28 54 025 31 00 205 30 49 083 00 57 263 00 56 






7 PNO 657209.035 6855294.133 0.000 0.010 0.010 0.010

Observations Comp3D (en gon):
7 	PNO 	    BAT4 	   0.0000 	0.00060 
5 	PNO 	     PNE 	  63.2634 	0.00011  
5 	PNO 	VTRY_CHS 	 198.6364 	0.00040   
5 	PNO 	VTRY_LED 	-197.8059 	0.00026 
5 	PNO 	VTRY_CHN 	-197.2697 	0.00065   










