EGSP 000 12 14 180 12 15 045 00 30 225 00 19 090 14 18 270 14 17 135 03 19 315 03 06 
VDGC 000 18 33 180 18 27 045 06 42 225 06 34 090 20 30 270 20 23 135 09 25 315 09 15 
SEDM 002 24 52 182 24 46 047 13 05 227 12 50 092 26 53 272 26 53 137 15 44 317 15 42 
PTHN 003 07 38 183 07 40 047 55 54 227 55 44 093 09 43 273 09 39 137 58 46 317 58 31 
SRBN 007 50 09 187 50 14 052 38 25 232 38 11 097 52 16 277 52 06 142 41 19 322 41 02 
SGRV 008 56 08 188 56 11 053 44 24 233 44 14 098 58 16 278 58 12 143 47 22 323 47 05 
NTDM 009 51 23 189 51 22 054 39 34 234 39 28 099 53 27 279 53 25 144 42 36 324 42 14 
CPLE 015 41 34 195 41 36 060 29 43 240 29 39 105 43 35 285 43 28 150 32 32 330 32 49 
SSP1 016 25 51 196 25 52 061 14 01 241 13 42 106 27 49 286 27 40 151 16 41 331 16 36 
SSP2 016 35 49 196 35 44 061 23 46 241 23 38 106 37 36 286 37 32 151 26 38 331 26 24 
TFLE 035 20 18 215 20 21 080 08 25 260 08 10 125 22 11 305 22 13 170 11 09 350 11 08 


PTHN 000 10 38 180 10 41 045 13 32 225 13 27 090 11 44 270 11 46 135 13 45 315 13 29 
SCPL 013 16 28 193 16 24 058 19 14 238 19 11 103 17 32 283 17 32 148 19 30 328 19 06 
RNBV XXX XX XX XXX XX XX XXX XX XX XXX XX XX XXX XX XX XXX XX XX 297 04 51 117 04 28

----------------------------------------------------------
Solution GNSS :
----------------------------------------------------------
XYZ - ECEF   :  4199644.5376    174913.1341   4781287.3598   
RGF 93 - Géo :  2.38496269 48.87167085 137.375
Lambert 93   :  654885.920 6863691.801 137.375

IGNF:   4199644.5351    174913.1363   4781287.3509
PANA:   4199644.5376    174913.1341   4781287.3598
LDB_IGNF:    [ km]
LDB_PANA:    [ km]
----------------------------------------------------------

Google Maps :  48.87167085 2.38496269
 
 
 
 
 
 
 
 
