ANFN XXX XX XX XXX XX XX XXX XX XX XXX XX XX 314 45 28 134 45 19 000 04 18 180 04 08 045 06 09 225 05 56 090 09 10 270 09 00 110 08 08 290 08 10 155 18 57 335 18 35 000 05 09 180 04 55 045 06 19 225 06 10 090 10 37 270 10 33 134 57 45 314 57 31 208 36 36 028 35 56
IMJR 245 39 30 065 39 14 334 59 35 154 59 32 335 31 44 155 31 37 020 50 32 200 50 25 065 52 21 245 52 12 110 55 21 290 55 17 130 54 32 310 54 27 176 05 09 356 04 59 020 51 19 200 51 13 065 52 35 245 52 28 110 56 53 290 56 50 155 43 56 335 43 46 229 22 38 049 22 12
MRVC 267 32 24 087 32 14 356 52 30 176 52 29 357 24 37 177 24 33 042 43 28 222 43 21 087 45 18 267 45 09 132 48 19 312 48 09 152 47 21 332 47 12 197 58 04 017 57 48 042 44 10 222 44 11 087 45 33 267 45 29 132 49 48 312 49 44 177 36 53 357 36 40 251 15 36 071 15 16
NDVC XXX XX XX XXX XX XX XXX XX XX XXX XX XX XXX XX XX XXX XX XX XXX XX XX XXX XX XX XXX XX XX XXX XX XX XXX XX XX XXX XX XX XXX XX XX XXX XX XX XXX XX XX XXX XX XX XXX XX XX XXX XX XX XXX XX XX XXX XX XX XXX XX XX XXX XX XX XXX XX XX XXX XX XX 253 57 04 073 56 45
TUBE XXX XX XX XXX XX XX XXX XX XX XXX XX XX XXX XX XX XXX XX XX XXX XX XX XXX XX XX XXX XX XX XXX XX XX XXX XX XX XXX XX XX XXX XX XX XXX XX XX XXX XX XX XXX XX XX 046 02 20 226 02 22 091 03 35 271 03 37 136 08 01 316 07 56 180 55 09 000 54 54 254 33 42 074 33 22
IMJG 272 48 30 092 48 16 002 08 34 182 08 29 002 40 43 182 40 29 047 59 30 227 59 27 093 01 24 273 01 10 138 04 22 318 04 11 158 03 29 338 03 20 203 14 11 023 13 53 048 00 09 228 00 13 093 01 39 273 01 29 138 05 55 318 05 52 182 52 56 002 52 47 256 31 40 076 31 27
MTYA 299 05 00 119 04 45 028 25 03 208 25 04 028 57 11 208 57 05 074 16 00 254 15 52 119 17 49 299 17 38 164 20 49 344 20 43 184 19 57 004 19 41 229 30 37 049 30 24 074 16 41 254 16 42 119 18 05 299 17 47 164 22 17 344 22 14 209 09 23 029 09 11 282 48 16 102 47 48
EGLV 300 14 22 120 14 15 029 34 28 209 34 31 030 06 39 210 06 32 075 25 29 255 25 18 120 27 07 300 27 06 165 30 15 345 30 10 185 29 22 005 29 13 230 40 04 050 39 48 075 26 08 255 26 10 120 27 32 300 27 23 165 31 47 345 31 43 210 18 51 030 18 39 283 57 35 103 57 17
IMBM XXX XX XX XXX XX XX XXX XX XX XXX XX XX 034 36 59 214 36 49 079 55 43 259 55 45 124 57 32 304 57 25 170 00 46 350 00 30 189 59 50 009 59 36 235 10 22 055 10 20 079 56 29 259 56 30 124 57 52 304 57 37 170 02 08 350 02 09 214 49 10 034 49 01 288 27 58 108 27 39
GLOB 306 16 17 126 16 10 035 36 24 215 36 22 036 08 35 216 08 29 081 27 23 261 27 12 126 29 09 306 28 56 171 32 11 351 32 08 191 31 19 011 31 08 236 41 59 056 41 43 081 28 04 261 28 05 126 29 26 306 29 15 171 33 45 351 33 34 216 20 41 036 20 29 289 59 26 109 59 14
PTHN 306 38 05 126 37 51 035 57 58 215 58 17 036 30 19 216 30 12 081 49 08 261 49 02 126 50 56 306 50 46 171 53 54 351 53 51 191 53 05 011 52 57 237 03 41 057 03 27 081 49 51 261 49 57 126 51 08 306 51 00 171 55 27 351 55 26 216 42 29 036 42 20 290 21 13 110 20 57
EGLM 321 03 06 141 02 55 050 23 03 230 23 05 050 55 15 230 55 16 096 14 08 276 13 58 141 15 55 321 15 44 186 18 51 006 18 49 206 18 02 026 17 50 251 28 38 071 28 28 096 14 50 276 14 53 141 16 07 321 16 00 186 20 26 006 20 22 231 07 30 051 07 15 304 46 15 124 45 59   
