ANFN 000 05 09 180 04 55 045 06 19 225 06 10 090 10 37 270 10 33 134 57 45 314 57 31 
IMJR 020 51 19 200 51 13 065 52 35 245 52 28 110 56 53 290 56 50 155 43 56 335 43 46 
MRVC 042 44 10 222 44 11 087 45 33 267 45 29 132 49 48 312 49 44 177 36 53 357 36 40 
TUBE 046 02 20 226 02 22 091 03 35 271 03 37 136 08 01 316 07 56 180 55 09 000 54 54 
IMJG 048 00 09 228 00 13 093 01 39 273 01 29 138 05 55 318 05 52 182 52 56 002 52 47 
MTYA 074 16 41 254 16 42 119 18 05 299 17 47 164 22 17 344 22 14 209 09 23 029 09 11 
EGLV 075 26 08 255 26 10 120 27 32 300 27 23 165 31 47 345 31 43 210 18 51 030 18 39 
IMBM 079 56 29 259 56 30 124 57 52 304 57 37 170 02 08 350 02 09 214 49 10 034 49 01 
GLOB 081 28 04 261 28 05 126 29 26 306 29 15 171 33 45 351 33 34 216 20 41 036 20 29 
PTHN 081 49 51 261 49 57 126 51 08 306 51 00 171 55 27 351 55 26 216 42 29 036 42 20 
EGLM 096 14 50 276 14 53 141 16 07 321 16 00 186 20 26 006 20 22 231 07 30 051 07 15 













