Point principal :

ANFN 029 17 12 209 16 47 072 35 07 252 34 54 135 46 16 315 46 04 181 46 48 001 46 43 
IMJR 050 03 17 230 03 11                   
MRVC 071 56 23 251 56 14                   
NDVC 074 37 37 254 37 37                   
TUBE 075 14 25 255 14 18 118 32 28 298 32 18 181 43 38 001 43 30 227 44 12 047 44 07 
IMJG 077 12 22 257 12 15                   
BCTR 080 00 33 260 00 27 123 18 36 303 18 20 186 29 48 006 29 37 232 30 19 052 30 12 
MTYA 103 28 52 283 28 40                   
EGLV 104 38 18 284 38 09                   
IMBM 109 08 40 289 08 35                   
CDTN 110 00 52 290 00 46 153 18 49 333 18 36 216 30 05 036 29 53 262 30 28 082 30 25 
GLOB 110 40 15 290 40 03                   
PTHN 111 01 56 291 01 46                   
TFLE 119 29 42 299 29 38 162 47 38 342 47 26 225 58 49 045 58 41 271 59 21 091 59 14 
EGLM 125 26 57 305 26 51                   


7 	RD3T 	ANFN 	  0.0000 	0.00030 
5 	RD3T 	IMJR 	 23.0785 	0.00100 
5 	RD3T 	MRVC 	 47.3948 	0.00100 
5 	RD3T 	NDVC 	 50.3819 	0.00100 
5 	RD3T 	TUBE 	 51.0627 	0.00014 
5 	RD3T 	IMJG 	 53.2466 	0.00100 
5 	RD3T 	BCTR 	 56.3611 	0.00027 
5 	RD3T 	MTYA 	 82.4403 	0.00100 
5 	RD3T 	EGLV 	 83.7265 	0.00100 
5 	RD3T 	IMBM 	 88.7340 	0.00100 
5 	RD3T 	CDTN 	 89.6992 	0.00060 
5 	RD3T 	GLOB 	 90.4289 	0.00100 
5 	RD3T 	PTHN 	 90.8307 	0.00100 
5 	RD3T 	TFLE 	100.2329 	0.00055 
5 	RD3T 	EGLM 	106.8502 	0.00100 


Point bis stéréoscopie : 

IMJR 000 04 59 180 04 49 045 00 22 225 00 13 090 06 56 270 06 33 XXX XX XX XXX XX XX 
IMJG 027 00 41 207 00 39 071 56 05 251 55 53 117 02 36 297 02 10 162 14 44 342 15 00 
BCTR 029 29 32 209 29 32 074 25 02 254 24 47 119 31 29 299 31 05 164 43 48 344 43 54 
MTYA 053 10 12 233 10 00 098 05 37 278 05 16 143 12 12 323 11 40 188 24 17 008 24 27 
EGLV 054 08 54 234 08 44 099 04 15 279 03 52 144 10 46 324 10 18 189 23 02 009 23 05 
IMBM 058 38 37 238 38 29 103 34 00 283 33 40 148 40 33 328 40 01 193 52 46 013 52 51 
GLOB 060 10 39 240 10 29 105 06 03 285 05 45 150 12 37 330 12 07 195 24 51 015 24 54 
PTHN 060 30 34 240 30 27 105 25 56 285 25 37 150 32 28 330 32 07 195 44 41 015 44 51 
EGLM 074 56 09 254 55 54 119 51 27 299 51 10 164 58 01 344 57 44 210 10 10 030 10 14 

7 	RD3T2 	IMJG 	  0.0000 	0.00060 
5 	RD3T2 	IMJR 	-29.9204 	0.00055 
5 	RD3T2 	BCTR 	  2.7578 	0.00039 
5 	RD3T2 	MTYA 	 29.0645 	0.00041 
5 	RD3T2 	EGLV 	 30.1508 	0.00039 
5 	RD3T2 	IMBM 	 35.1462 	0.00031 
5 	RD3T2 	GLOB 	 36.8510 	0.00042 
5 	RD3T2 	PTHN 	 37.2196 	0.00044 
5 	RD3T2 	EGLM 	 53.2477 	0.00062 


Distance point principal - point bis : 2.854 m (+/- 0.010)