Mesure T2 Mod
ANFN 000 11 14.0 180 11 06.1 045 10 00.0 225 09 47.0 090 21 20.0 270 21 00.0 135 17 45.5 315 17 32.1 
IMJR 020 57 36.1 200 57 24.8 065 56 17.8 245 56 04.9 111 07 38.0 291 07 17.1 156 03 58.4 336 03 48.9 
MRVC 042 50 29.1 222 50 20.3 087 49 15.1 267 49 08.5 133 00 33.7 313 00 11.8 177 56 59.0 357 56 51.1 
EGLV 075 32 29.9 255 32 19.7 120 31 10.0 300 30 58.2 165 42 27.3 345 42 05.0 210 38 52.0 030 38 44.3 
IMBM 080 02 50.8 260 02 38.0 125 01 28.1 305 01 17.7 170 12 43.9 350 12 24.8 215 09 13.5 035 09 01.4 
GLOB 081 34 20.9 261 34 09.3 126 33 03.1 306 32 49.3 171 44 20.0 351 44 02.5 216 40 49.1 036 40 35.9 
EGLM 096 21 06.0 276 20 56.8 141 19 48.3 321 19 37.1 186 31 03.8 006 30 43.0 231 27 34.1 051 27 19.7 


	  TH #1 	  TH #2 	  TH #3 	  TH #4 	    MEAN   	    STD  
ANFN   	0.0000  	0.0000  	0.0000  	0.0000  	0.0000	0.0000
IMJR   	20.7723  	20.7716  	20.7715  	20.7708  	20.7716	0.0005
MRVC   	42.6541  	42.6551  	42.6535  	42.6545  	42.6543	0.0006
EGLV   	75.3541  	75.3529  	75.3517  	75.3526  	75.3528	0.0009
IMBM   	79.8595  	79.8582  	79.8568  	79.8580  	79.8581	0.0010
GLOB   	81.3847  	81.3841  	81.3837  	81.3844  	81.3842	0.0004
EGLM   	96.1643  	96.1637  	96.1621  	96.1634  	96.1633	0.0008


7 	RD3T 	ANFN 	  0.0000 	0.00060 
5 	RD3T 	IMJR 	 23.0795 	0.00030 
5 	RD3T 	MRVC 	 47.3937 	0.00032 
5 	RD3T 	EGLV 	 83.7254 	0.00048 
5 	RD3T 	IMBM 	 88.7312 	0.00055 
5 	RD3T 	GLOB 	 90.4269 	0.00021 
5 	RD3T 	EGLM 	106.8482 	0.00045 



Mesure T2
IMJR 111.1698 311.1650 096.1675 300.3864
EGLV 171.8154 371.8140 097.5073 299.0450
GLOB 178.5171 378.5149 097.8995 298.6536
PTHN 178.9215 378.9183 097.6961 298.8547
EGLM 194.9391 314.9387 097.3176 299.2354


7 RD3T IMJR 111.1674 0.001
5 RD3T EGLV 171.8147 0.001
5 RD3T GLOB 178.5160 0.001
5 RD3T PTHN 178.9199 0.001
5 RD3T EGLM 194.9389 0.001

   

Mesures MET
ANFN 000.020 200.010
IMJR 023.105 223.095
MRVC 047.410 247.400
EGLV 083.760 283.730
IMBM 088.880 288.725
GLOB 090.465 290.425
EGLM 106.890 306.870

