
Plan de station :

Distance entre le coin de planche et la station : a = 45 cm

   <---- vers Vincennes
     
	 c = 16 cm
  x --
      | a = 40 cm
      |
	  ---------------
      |                    <---- Planche la plus à l'Ouest
	  |
	  |
	  ---------------         ^ Vers Paris
	
	
	
   ----> Vers Rosny/Montreuil



Série 1 :

CHSL_E 311 31 35 131 31 24 356 29 30 176 29 17 041 31 57 221 31 54 086 38 47 266 38 45 
MRVC 317 19 51 137 19 41 002 17 50 182 17 39 047 20 18 227 20 09 092 27 04 272 27 00 
IMJG 317 57 22 137 57 13 002 55 23 182 55 12 047 57 46 227 57 44 093 04 38 273 04 32 
TUBE 322 06 01 142 05 46 007 03 55 187 03 47 052 06 21 232 06 22 097 13 14 277 13 06 
MTYA 327 20 29 147 20 17 012 18 32 192 18 20 057 20 54 237 20 50 102 27 40 282 27 42 
EGLV 346 21 21 166 21 12 031 19 20 211 19 15 076 21 46 256 21 44 121 28 34 301 28 36 
GLOB 349 40 50 169 40 40 034 38 46 214 38 41 079 41 14 259 41 12 124 48 03 304 48 04 
EGLM 000 40 24 180 40 15 045 38 20 225 38 18 090 40 47 270 40 49 135 47 42 315 47 32 
BAT4 035 18 13 215 18 04 080 16 09 260 16 08 125 18 41 305 18 35 170 25 28 350 25 24 


Série 2 :

CHSL_E 096 26 59 276 26 49 096 26 48 276 26 47 096 26 56 276 26 49 096 26 54 276 26 45 
MRVC 102 15 09 282 15 03 102 15 12 282 15 02 102 15 14 282 15 02 102 15 13 282 15 05 
IMJG 102 52 45 282 52 39 102 52 43 282 52 39 102 52 42 282 52 40 102 52 43 282 52 38 
TUBE 107 01 26 287 01 15 107 01 19 287 01 12 107 01 28 287 01 13 107 01 32 287 01 12                         
EGLV 131 16 48 311 16 35 131 16 47 311 16 36 131 16 49 311 16 38 131 16 49 311 16 36 
GLOB 134 36 11 314 36 07 134 36 09 314 36 05 134 36 08 314 36 07 134 36 09 314 36 08 
EGLM 145 35 54 325 35 39 145 35 54 325 35 41 145 35 53 325 35 44 145 35 52 325 35 40 
BAT4 180 13 41 000 13 31 180 13 42 000 13 32 180 13 39 000 13 32 180 13 38 000 13 34 


Série 3 :


IMJR1 = coin de cheminée
IMJR2 = antenne

IMJR1 090 05 47 270 05 35 135 07 35 315 07 41 135 08 11 315 07 32 359 50 33 179 50 30 
IMJR2 090 23 02 270 22 47 135 24 49 315 24 53 135 25 06 315 24 46 000 07 38 180 07 45 
MRVC 099 34 11 279 34 03 144 36 06 324 36 01 144 36 11 324 35 50 009 18 46 189 18 49 
PTHN 142 13 56 322 13 52 187 15 53 007 15 55   


Série 4 :

MRVC 231 58 32 051 58 30 276 51 26 096 51 22 320 39 51 140 39 52 184 54 22 004 54 23 
IMBM 223 17 14 043 17 16 268 10 05 088 10 10 311 58 38 131 58 38 176 13 05 356 13 12 


Observations Comp3D :

7 	S3 	CHSL_E 	 0.0000 	0.00060 
5 	S3 	MRVC 	 6.4500 	0.00030 
5 	S3 	IMJG 	 7.1451 	0.00036 
5 	S3 	TUBE 	11.7486 	0.00023 
5 	S3 	MTYA 	17.5731 	0.00053 
5 	S3 	EGLV 	38.7006 	0.00039 
5 	S3 	GLOB 	42.3943 	0.00025 
5 	S3 	EGLM 	54.6087 	0.00032 
5 	S3 	BAT4 	93.0869 	0.00036 


7 	S3 	CHSL_E 	 0.0000 	0.00050 
5 	S3 	MRVC 	 6.4496 	0.00050 
5 	S3 	IMJG 	 7.1451 	0.00050 
5 	S3 	TUBE 	11.7496 	0.00050 
5 	S3 	EGLV 	38.7010 	0.00050 
5 	S3 	GLOB 	42.3942 	0.00050 
5 	S3 	EGLM 	54.6100 	0.00050 
5 	S3 	BAT4 	93.0880 	0.00050 

7 	S3 	MRVC 	  0.0000 	0.00060 
5 	S3 	IMJR 	-10.5244 	0.00109 
5 	S3 	IMJR2 	-10.2064 	0.00057 
5 	S3 	PTHN 	 47.4039 	0.00038 

7 	S3 	PTHN     0.0000 	0.00060 
5 	S3 	IMBM 	-9.6528 	0.00020 

