BAT4 336 27 50 156 27 55 020 13 10 200 12 58 064 52 28 244 52 43 110 12 54 290 13 05 
TUBE 336 57 10 156 57 14 020 42 23 200 42 24 065 21 45 245 22 00 110 42 07 290 42 20 
CHSL_O 345 37 47 165 37 51 029 22 58 209 22 56 074 02 26 254 02 39 119 22 40 299 22 58 
CHSL_E 346 48 15 166 48 22 030 33 30 210 33 26 075 12 56 255 13 08 120 33 03 300 33 29 
MRVC 351 59 42 171 59 46 035 44 54 215 44 54 080 24 24 260 24 37 125 44 34 305 44 54 
MTYA 352 11 24 172 11 28 035 56 39 215 56 36 080 36 10 260 36 23 125 56 21 305 56 30 
IMJG2 354 28 34 174 28 35 038 13 44 218 13 44 082 53 21 262 53 30 128 13 35 308 13 40 
IMJR 359 01 20 179 01 26 042 46 34 222 46 36 087 26 12 267 26 29 132 46 37 312 46 22 
RD3T 000 05 08 180 05 11 043 50 22 223 50 21 088 30 00 268 30 12 133 50 24 313 50 10 
ANFN 005 43 53 185 43 53 049 29 04 229 28 58 094 08 42 274 08 59 139 29 12 319 28 55 



Instructions Comp3D :
7 	BTCN 	BAT4 	 0.0000 	0.00060 0.020
5 	BTCN 	TUBE 	 0.5424 	0.00060 0.010
5 	BTCN 	CHSL_O 	10.1833 	0.00040 0.000
5 	BTCN 	CHSL_E 	11.4887 	0.00050 0.000
5 	BTCN 	MRVC 	17.2562 	0.00030 0.000
5 	BTCN 	MTYA 	17.4733 	0.00040 0.000
5 	BTCN 	IMJG2 	20.0131 	0.00020 0.000
5 	BTCN 	IMJR 	25.0661 	0.00050 0.020
5 	BTCN 	RD3T 	26.2471 	0.00050 0.000
5 	BTCN 	ANFN 	32.5198 	0.00080 0.000

 