ANFN 224 53 11 044 52 51 314 13 14 134 13 07             
IMJR 245 39 30 065 39 14 334 59 35 154 59 32             
MRVC 267 32 24 087 32 14 356 52 30 176 52 29                          
IMJG 272 48 30 092 48 16 002 08 34 182 08 29             
MTYA 299 05 00 119 04 45 028 25 03 208 25 04             
EGLV 300 14 22 120 14 15 029 34 28 209 34 31             
GLOB 306 16 17 126 16 10 035 36 24 215 36 22   
PTHN 306 38 05 126 37 51 035 57 58 215 58 17          
EGLM 321 03 06 141 02 55 050 23 03 230 23 05             



--------------------------------------
Observations Comp3D 
--------------------------------------
ANFN     0.0000     0.0001
IMJR    23.0809     0.0002
MRVC    47.3946     0.0001
IMJG    53.2474     0.0001
MTYA    82.4421     0.0002
EGLV    83.7279     0.0002
GLOB    90.4298     0.0001
PTHN    90.8324     0.0001
EGLM   106.8508     0.0006