ANFN 314 45 28 134 45 19 000 04 18 180 04 08 045 06 09 225 05 56 090 09 10 270 09 00 
IMJR 335 31 44 155 31 37 020 50 32 200 50 25 065 52 21 245 52 12 110 55 21 290 55 17 
MRVC 357 24 37 177 24 33 042 43 28 222 43 21 087 45 18 267 45 09 132 48 19 312 48 09  
IMJG 002 40 43 182 40 29 047 59 30 227 59 27 093 01 24 273 01 10 138 04 22 318 04 11 
MTYA 028 57 11 208 57 05 074 16 00 254 15 52 119 17 49 299 17 38 164 20 49 344 20 43 
EGLV 030 06 39 210 06 32 075 25 29 255 25 18 120 27 07 300 27 06 165 30 15 345 30 10 
IMBM 034 36 59 214 36 49 079 55 43 259 55 45 124 57 32 304 57 25 170 00 46 350 00 30 
GLOB 036 08 35 216 08 29 081 27 23 261 27 12 126 29 09 306 28 56 171 32 11 351 32 08 
PTHN 036 30 19 216 30 12 081 49 08 261 49 02 126 50 56 306 50 46 171 53 54 351 53 51 
EGLM 050 55 15 230 55 16 096 14 08 276 13 58 141 15 55 321 15 44 186 18 51 006 18 49 
