------------------------------------------------------------
Lectures d'angles depuis S1
------------------------------------------------------------
MRVC 346 53 07 166 53 23 030 08 56 210 09 24 075 08 16 255 08 48 120 04 22 300 04 20 
CHSL_E 000 03 56 180 04 05 043 20 00 223 20 16 088 19 32 268 19 33 133 15 23 313 15 08 
GLOB 033 50 09 213 50 04 077 05 51 257 06 21 122 05 34 302 05 32 167 01 34 347 01 16 
EGLM 034 50 18 214 50 13 078 06 18 258 06 35 123 05 50 303 05 43 168 01 54 348 01 28 
EGLV 040 05 57 220 05 32 083 21 47 263 22 07 128 21 21 308 21 14 173 17 29 353 17 02 
BAT4 226 16 28 046 16 13 269 32 24 089 32 28 314 31 59 134 32 02 359 27 35 179 27 44 

IMJG 098 05 40 278 05 33 188 06 15 008 06 24 
CHSL_E 133 14 50 313 14 38 223 15 41 043 15 48 



Observations Comp3D

7 	S1 	MRVC 	   0.0000 	0.00083 
5 	S1 	CHSL_E 	  14.6465 	0.00040
5 	S1 	GLOB 	  52.1661 	0.00034 
5 	S1 	EGLM 	  53.2818 	0.00045 
5 	S1 	EGLV 	  59.1247 	0.00068 
5 	S1 	BAT4 	-134.0132 	0.00068 

7 	S1 	IMJG 	 0.0000 	0.00150 
5 	S1 	CHSL_E 	39.0606 	0.00150



------------------------------------------------------------
Lectures d'angles depuis S4
------------------------------------------------------------


IMJR 000 08 08 180 07 55 045 09 11 225 09 02 090 07 21 270 07 00 135 04 56 315 04 44 
IMJR2 XXX XX XX XXX XX XX XXX XX XX XXX XX XX XXX XX XX XXX XX XX 134 58 26 314 58 10
MTYA 004 19 54 184 19 42 049 21 02 229 21 00 094 19 07 274 18 52 139 16 42 319 16 37 
IMJG 005 37 28 185 37 21 050 38 42 230 38 39 095 36 47 275 36 36 140 34 21 320 34 19 
ANFN 008 02 04 188 01 50 053 03 20 233 03 10 098 01 28 278 01 10 142 59 00 322 58 54 
MRVC 011 41 19 191 41 06 056 42 36 236 42 22 XXX XX XX XXX XX XX XXX XX XX XXX XX XX 
CHSL_E 023 14 04 203 13 49 068 15 09 248 14 59 113 13 03 293 13 03 158 10 48 338 10 40 
TUBE 030 33 10 210 33 01 075 34 21 255 34 09 XXX XX XX XXX XX XX XXX XX XX XXX XX XX 
VTRY1 043 32 23 223 32 10 088 33 34 268 33 16 XXX XX XX XXX XX XX XXX XX XX XXX XX XX 
VTRY2 043 35 08 223 35 17 088 36 28 268 36 18 XXX XX XX XXX XX XX XXX XX XX XXX XX XX 
BAT4 188 20 22 008 20 34 233 21 30 053 21 24 XXX XX XX XXX XX XX XXX XX XX XXX XX XX 



Observations Comp3D

7 	S4 	IMJR 	   0.0000 	0.00060 
5 	S4 	IMJR2 	  -0.1210 	0.00000 
5 	S4 	MTYA 	   4.6635 	0.00045 
5 	S4 	IMJG 	   6.1017 	0.00062 
5 	S4 	ANFN 	   8.7793 	0.00084 
5 	S4 	MRVC 	  12.8385 	0.00125 
5 	S4 	CHSL_E 	  25.6650 	0.00028 
5 	S4 	TUBE 	  33.7982 	0.00049 
5 	S4 	VTRY1 	  48.2274 	0.00038 
5 	S4 	VTRY2 	  48.2820 	0.00060 
5 	S4 	BAT4 	-190.8816 	0.00065 



------------------------------------------------------------
Solutions GNSS mises à jour sur S1 et S4
------------------------------------------------------------
7 S1  657883.877 6862498.813 0.000 0.005 0.005 0.005
7 S4  658156.481 6862583.044 0.000 0.005 0.005 0.005
