MINA 000 04 53 180 04 41 045 08 10 225 07 50 090 07 18 270 07 10 135 10 00 315 09 57 
TFLE 006 16 44 186 16 34 051 19 56 231 19 50 096 19 03 276 18 56 141 21 47 321 21 45 
ASPT 007 16 50 187 16 39 052 20 00 232 19 55 097 19 12 277 19 01 142 21 49 322 21 51 
SGX1 015 10 49 195 10 17 060 14 08 240 14 10 105 13 18 285 12 51 150 15 56 330 15 56 
SGX2 015 13 33 195 13 03 060 16 44 240 16 40 105 15 59 285 15 47 150 18 36 330 18 30 
CD4N 015 58 09 195 57 25 061 01 17 241 01 14 106 00 19 286 00 04 151 03 09 331 03 08 
SGDP 017 41 47 197 41 09 062 44 47 242 44 54 107 44 16 287 44 01 152 46 49 332 46 45 
SGRV 019 12 18 199 11 41 064 15 24 244 15 35 109 14 46 289 14 29 154 17 20 334 17 05 
SSP1 019 43 52 199 43 25 064 47 08 244 47 13 109 46 19 289 46 13 154 49 10 334 49 04 
SSP2 019 48 50 199 48 17 064 52 05 244 52 00 109 51 19 289 51 09 154 53 55 334 53 51 
NTDM 020 05 49 200 05 35 065 09 29 245 09 25 110 08 20 290 08 01 155 11 24 335 11 18 
BAT4 020 51 33 200 51 00 065 54 45 245 54 47 110 54 00 290 53 53 155 56 41 335 56 33 
SRBN 022 33 02 202 32 35 067 36 19 247 36 19 112 35 35 292 35 19 157 38 08 337 38 06 
SEDM 024 06 08 204 05 42 069 09 27 249 09 22 114 08 44 294 08 27 159 11 19 339 11 11 
PTHN 024 16 25 204 15 59 069 19 40 249 19 40 114 18 53 294 18 42 159 21 35 339 21 21 
VTY1 050 46 14 230 45 46 095 49 27 275 49 28 140 48 42 320 48 32 185 51 22 005 51 19 
VTY2 050 47 36 230 47 05 095 50 49 275 50 46 140 50 03 320 49 54 185 52 50 005 52 37 


SCPL 014 05 03 194 04 57 059 06 04 239 05 57 105 10 50 285 10 47 150 07 49 330 07 46 
SGRV 015 03 15 195 03 08 060 04 15 240 04 01 106 09 09 286 09 08 151 06 08 331 06 14 
DOME 015 08 56 195 08 55 060 10 07 240 10 00 106 14 55 286 14 46 151 11 46 331 11 41 
NTDM XXX XX XX XXX XX XX 060 58 25 240 58 15 107 02 50 287 02 47 152 00 14 332 00 05 
PTHN 020 07 24 200 07 15 065 08 26 245 08 17 111 13 14 291 13 12 156 10 09 336 10 15 



XYZ - ECEF : 4203485.8642 m, 162800.2450 m, Z = 4778366.8456 m


Lambert 93 : E = 642591.324 m, N = 6859355.314 m   (Attention : offset antenne)

sigma = 5 mm