-------------------------------------------------------
POINT ESPLANADE SAINT-EXUPERY
-------------------------------------------------------
CHSL_E 227 31 01 047 30 57 317 17 19 137 17 08 012 11 18 192 11 02 
CHSL_O 232 40 05 052 40 01 322 26 18 142 26 13 017 20 07 197 20 09 
NDVC 010 20 08 190 20 06 100 06 18 280 06 21 155 00 15 335 00 14 
MRVC 017 53 45 197 53 42 107 39 55 287 39 55 162 33 51 342 33 49 
ANFN 113 17 43 293 17 36 203 03 44 023 03 49 257 57 38 077 57 51 


Instructions Comp3D :
7 	M2 	CHSL_E 	   0.0000 	0.00060 0.000
5 	M2 	CHSL_O 	   5.7226 	0.00044 0.000
5 	M2 	NDVC 	 158.6871 	0.00026 0.000
5 	M2 	MRVC 	 167.0870 	0.00033 0.000
5 	M2 	ANFN 	-126.9148 	0.00058 0.000

-------------------------------------------------------
POINT ESPLANADE 
-------------------------------------------------------
RNO 292 30 57 112 30 53 
CHSL_E 342 45 55 162 45 56 
CH2 348 34 52 168 34 49 
RNE 018 21 50 198 21 58 
P2 049 25 30 229 25 52 
BT2 104 24 15 284 24 22 
P1 272 33 10 092 33 04 

BAT4 299 57 30 119 57 36 345 23 06 165 23 09 030 09 20 210 09 17 075 21 35 255 21 30 
ANFN 016 10 03 196 10 05 061 35 44 241 35 43 106 21 52 286 21 54 151 34 10 331 34 07 

RNO 067 55 12 247 54 56 
CHSL_E 118 10 12 298 10 00 
RNE 153 46 07 333 45 53 
P2 157 09 57 337 09 51 
ESVC 209 58 57 029 58 47 



Instructions Comp3D :
7 	M3 	RNO 	 0.0000 	0.0010 0.010
5 	M3 	CHSL_E 	55.8335 	0.0010 0.000
5 	M3 	CH2 	62.2949 	0.0010 0.000
5 	M3 	RNE 	95.3886 	0.0010 0.010
5 	M3 	P2 	   129.9031 	0.0010 0.000
5 	M3 	BT2    190.9887 	0.0010 0.000
5 	M3 	P1 	   -22.1815 	0.0010 0.000

7 	M3 	BAT4 	 0.0000 	0.00060 0.000
5 	M3 	ANFN 	84.6773 	0.00032 0.000

7 	M3 	RNO 	  0.0000 	0.00100 0.010
5 	M3 	CHSL_E 	 55.8340 	0.00100 0.000
5 	M3 	RNE 	 95.3877 	0.00100 0.010
5 	M3 	PE 	     99.1636 	0.00100 0.000
5 	M3 	ESVC 	157.8481 	0.00100 0.010


-------------------------------------------------------
POINT AVENUE DE NOGENT
-------------------------------------------------------
TFLE 098 24 19 278 24 10 188 06 09 008 05 55 
ANFN 073 52 41 253 52 11 163 34 28 343 34 08 


Instructions Comp3D :
7 	M4 	TFLE 	  0.0000 	0.00060 0.000
5 	M4 	ANFN 	-27.2550 	0.00049 0.010
