4201218.7312    181223.7564   4779689.6701  661105.585 6861210.065 144.699
4201218.7503    181223.7453   4779689.6962  661105.573 6861210.068 144.731
4201218.7387    181223.7439   4779689.6931  661105.572 6861210.075 144.721
4201218.7366    181223.7460   4779689.6875  661105.575 6861210.073 144.715
4201218.7341    181223.7582   4779689.6702  661105.587 6861210.063 144.701

A = [
661105.585 6861210.065 144.699
661105.573 6861210.068 144.731
661105.572 6861210.075 144.721
661105.575 6861210.073 144.715
661105.587 6861210.063 144.701];


Solution : 661105.578 6861210.069 

Std : 1 cm

------------------------------------------
Solution mise à jour pour le point S2 :
------------------------------------------
7 S2 661105.580 6861210.070 0.000 0.005 0.005 0.000
