-----------------------------------------------------------------
POINT 1 : ESPLANADE (5eme poteau)
-----------------------------------------------------------------

4202090.7051    178653.3611   4778960.0506  658493.343 6860175.012 96.287
4202090.7026    178653.3552   4778960.0626  658493.337 6860175.022 96.295
4202090.7033    178653.3596   4778960.0563  658493.341 6860175.017 96.290


Solution : 658493.341 6860175.017 96.290

Instruction Comp3D :
7 658493.341 6860175.017 0.000 0.005 0.005 0.005


-----------------------------------------------------------------
POINT 2 : PAVILLON DU ROI
-----------------------------------------------------------------
4201930.1512    178626.1586   4779104.2184 658474.538 6860391.647 98.496
4201930.1450    178626.1515   4779104.2049 658474.532 6860391.643 98.482
4201930.1495    178626.1559   4779104.2161 658474.536 6860391.647 98.494

Solution : 658474.536 6860391.647 98.494

Instruction Comp3D :
7 658474.536 6860391.647 0.00 0.005 0.005 0.005
