-------------------------------------------------------------
Station 1 : esplanade 
-------------------------------------------------------------

MINA 000 10 23 180 10 20 045 10 42 225 10 55 090 12 26 270 12 31 135 14 01 315 13 52 
AUGU 007 04 38 187 04 30 052 04 54 232 05 10 097 06 40 277 06 49 142 08 19 322 08 09 
BAT4 013 47 09 193 47 05 058 47 29 238 47 38 103 49 13 283 49 17 148 50 45 328 50 33 
NTDM 023 08 23 203 08 16 068 08 49 248 08 52 113 10 23 293 10 29 158 12 16 338 12 01 
TFLE 026 39 13 206 39 08 071 39 39 251 39 43 116 41 19 296 41 21 161 42 47 341 42 42 
SEDM 027 21 41 207 21 38 072 22 21 252 22 15 117 23 53 297 23 52 162 25 31 342 25 21 
PTHN 027 50 43 207 50 46 072 51 17 252 51 23 117 53 01 297 53 02 162 54 33 342 54 24 
CLO1 029 25 00 209 25 06 074 25 42 254 25 44 119 27 14 299 27 18 164 28 58 344 28 44 
VDGC 031 55 44 211 55 50 076 56 23 256 56 20 121 58 03 301 57 59 166 59 35 346 59 22 

PTHN 027 55 22 207 55 10 072 50 57 252 50 43 119 56 16 299 56 07 164 52 06 344 52 08 
NTDM 023 13 01 203 12 52 068 08 27 248 08 33 115 13 49 295 13 39 160 09 42 340 09 41 

-------------------------------------------------------------
Station 2 : au dessus du cimetière militaire
-------------------------------------------------------------

SGRV 000 16 34 180 16 21 045 04 52 225 04 37 090 06 35 270 06 24 135 06 57 315 06 35 
EGSP 000 25 39 180 25 29 045 14 05 225 13 54 090 15 47 270 15 31 135 16 02 315 15 50 
TFLE 004 44 15 184 44 07 049 32 31 229 32 23 094 34 12 274 34 02 139 34 28 319 34 13 
SSP1 005 02 31 185 02 24 049 51 11 229 51 04 094 52 29 274 52 18 139 53 02 319 52 42 
SSP2 005 07 30 185 07 20 049 55 41 229 55 41 094 57 29 274 57 13 139 57 44 319 57 31 
SRBN 005 49 00 185 48 55 050 37 12 230 37 18 095 39 00 275 38 47 140 39 12 320 39 06 
SEDM 006 25 00 186 24 49 051 13 17 231 13 13 096 14 52 276 14 49 141 15 07 321 15 04 
PTHN 006 52 50 186 52 43 051 41 14 231 41 05 096 42 41 276 42 46 141 43 08 321 43 00 
VTY1 021 30 29 201 30 30 066 18 42 246 18 51 111 20 33 291 20 23 156 20 45 336 20 42 
VTY2 021 31 45 201 31 35 066 20 00 246 20 00 111 21 40 291 21 31 156 21 58 336 21 52 

Repères d'excentrement par rapport au centre de la souche :

TFLE 000 02 04 180 01 49 
SOUC 248 31 35 068 31 34 

Angle entre la souche et TFLE : 
    111° 30' 22" +/- 10"
	111.5061° +/- 0.002°
	
d1 = 4.09 m
d2 = (4.11 m) x cos(1.5°) = 4.108
d = 4.10 m +/- 1 cm

Pour se repositionner (précision ~ 1 cm) :
   En ce centrant sur la souche, mesurer un angle de +111.5061° (~ 111° 30') depuis TFLE. 
   Suivant la direction obtenue, positionner un point à 4.10 m.



-------------------------------------------------------------
Station 1 : esplanade 
-------------------------------------------------------------
XYZ ECEF :  4200028.9923    162787.7479   4781386.3875

Lambert 93 :  642758.038 6863941.637 144.262
     
sigma = 1 cm

Google Maps : 48.87295384 2.21960003 

-------------------------------------------------------------
Station 2 : au dessus du cimetière militaire
-------------------------------------------------------------

XYZ ECEF :   4200198.9876    162631.4479   4781265.8521
		
Lambert 93 :  642593.295 6863740.615 161.219

sigma = 1 cm		
			
Google Maps :  48.87113140 2.21738140