MRVC 000 08 25 180 08 35 045 07 03 225 06 46 090 02 29 270 02 24 135 12 51 315 12 41 
IMJG 000 45 40 180 45 57 045 44 16 225 44 06 090 39 42 270 39 36 135 50 10 315 49 56 
EGLV 001 41 54 181 41 31 046 40 05 226 39 55 091 35 37 271 35 29 136 45 57 316 45 47 
BMAT 007 55 23 187 54 56 052 53 29 232 53 31 097 49 11 277 49 08 142 59 31 322 59 11 
BCTR 014 09 02 194 08 21 059 07 13 239 07 10 104 02 45 284 02 39 149 13 09 329 12 49 
GLOB 032 29 54 212 29 06 077 27 55 257 28 04 122 23 29 302 23 31 167 33 52 347 33 43                        
BAT4 078 06 55 258 06 24 123 04 56 303 05 07 168 00 37 348 00 31 213 11 22 033 11 07 

BCTR 000 11 47 180 11 48 045 15 26 225 15 01 090 12 26 270 12 14 135 15 47 315 15 44 
NTDM 034 29 39 214 29 28 079 33 04 259 32 51 124 30 12 304 29 59 169 33 43 349 33 30 


----------------------------------------------------------
Solution GNSS 1 :
----------------------------------------------------------
XYZ - ECEF   : 4200726.5471    179777.1896   4780180.0801  
RGF 93 - Géo : 2.45057429 48.85641009 149.592  
Lambert 93   : 659686.758 6861959.413 149.576

IGNF:  4200726.5471    179777.1896   4780180.0801
PANA:  4200726.5501    179777.1897   4780180.0986 
LDB_IGNF:    [ km]
LDB_PANA:    [ km]
Std : ~ 5 mm
----------------------------------------------------------

Google Maps : 48.85641009 2.45057429 
 
 
 

----------------------------------------------------------
Solution GNSS 2 :
----------------------------------------------------------
XYZ - ECEF   :  4200726.5467    179777.1050   4780180.1161
RGF 93 - Géo : 
Lambert 93   : 

IGNF:  4200726.5467    179777.1050   4780180.1161 
PANA:  4200726.5713    179777.0760   4780180.0811
LDB_IGNF:    [ km]
LDB_PANA:    [ km]
----------------------------------------------------------

Google Maps : 
  
 
 
 
 
 
 
 
 
