---------------------------------------------------------
Plan de station
---------------------------------------------------------




IMJR1 336 48 28 156 48 26 021 57 59 201 57 47 066 53 04 246 52 54 111 50 29 291 50 25 359 25 49 179 25 57 
IMJR2 336 54 52 156 54 52 022 04 29 202 04 12 066 59 28 246 59 22 111 57 00 291 56 53 359 32 12 179 32 20 
MTYA 341 06 43 161 06 44 026 16 15 206 16 10 071 11 15 251 11 15 116 08 45 296 08 45 003 44 05 183 44 17 
IMJG 342 24 22 162 24 22 027 33 58 207 33 49 072 29 01 252 28 54 117 26 24 297 26 25 005 01 43 185 01 44 
ANFN 344 48 54 164 48 53 029 58 31 209 58 27 074 53 30 254 53 24 119 50 57 299 50 58 007 26 24 187 26 24 
MRVC 348 28 11 168 28 13 033 37 42 213 37 41 078 32 48 258 32 37 123 30 18 303 30 13 011 05 37 191 05 36 
CHSL_E 000 00 46 180 00 45 045 10 18 225 10 16 090 05 22 270 05 15 135 02 54 315 02 55 022 38 13 202 38 07 
TUBE 007 19 55 187 19 53 052 29 28 232 29 23 097 24 31 277 24 26 142 22 02 322 22 03 XXX XX XX XXX XX XX 
EGLV 040 14 00 220 13 53 085 23 32 265 23 21 130 18 29 310 18 23 175 16 06 355 16 00 XXX XX XX XXX XX XX 
EGLM 041 26 20 221 26 14 086 35 48 266 35 47 131 30 50 311 30 45 176 28 17 356 28 20 XXX XX XX XXX XX XX 
BAT4 165 00 02 344 59 53 210 09 31 030 09 34 255 04 33 075 04 29 300 02 02 120 02 04 XXX XX XX XXX XX XX 


Instructions Comp3D :

7 	S4 	MRVC 	  0.0000 	0.00060   0.0000
5 	S4 	IMJR1 	-12.9586 	0.00031   0.0000 
5 	S4 	IMJR2 	-12.8394 	0.00017   0.0000 
5 	S4 	MTYA 	 -8.1754 	0.00023   0.0000 
5 	S4 	IMJG 	 -6.7375 	0.00038   0.0000 
5 	S4 	ANFN 	 -4.0603 	0.00036   0.0000 
5 	S4 	CHSL_E 	 12.8258 	0.00028   0.0000 
5 	S4 	TUBE 	 20.9583 	0.00030   0.0000 
5 	S4 	EGLV 	 57.5139 	0.00023   0.0000 
5 	S4 	EGLM 	 58.8533 	0.00017   0.0000 
5 	S4 	BAT4 	196.1445 	0.00031   0.0000 