-------------------------------------------------
PONT
-------------------------------------------------
4200224.7545    177864.6973   4780700.7373
4200224.7570    177864.6931   4780700.7446 
4200224.7484    177864.6936   4780700.7390
4200224.7587    177864.6963   4780700.7396

4200224.7484    177864.6936   4780700.7390

-------------------------------------------------
RUE
-------------------------------------------------


4200244.6701    178335.3948   4780648.7808

4200244.6660    178335.3976   4780648.7743
4200244.6478    178335.3889   4780648.7786
4200244.6602    178335.3932   4780648.7851
4200244.6605    178335.3935   4780648.7855 


7 PC1 657803.191 6862754.113 000.000 0.010 0.010 0.000
7 PC2 658272.088 6862686.543 000.000 0.010 0.010 0.000