IMBM 000 07 30 180 07 17 044 59 56 224 59 33 090 10 46 270 10 52 135 04 15 315 03 40
GLOB 358 35 45 178 35 25 043 28 13 223 27 51 088 38 53 268 39 08 133 32 32 313 31 58
CDTN 003 54 53 183 54 42 048 47 34 228 47 04 093 58 17 273 58 27 138 51 42 318 51 04
VDGC 004 31 41 184 31 18 049 24 16 229 23 40 094 34 53 274 35 05 139 28 30 319 27 45
PTHN 008 34 33 188 34 12 053 26 57 233 26 32 098 38 07 278 37 51 143 31 18 323 30 37
SEDM 008 48 53 188 48 32 053 41 12 233 40 51 098 52 24 278 52 03 143 44 58 323 44 48
SRBN 010 35 01 190 34 40 055 27 26 235 26 58 100 38 32 280 38 16 145 31 44 325 30 57
TFLE 018 00 44 198 00 11 062 53 13 242 52 38 108 04 19 288 04 06 152 57 27 332 56 52

IMBM 117 53 56 297 54 04 146 45 54 326 45 38 
PTHN 126 21 03 306 21 03 155 12 53 335 12 42 

----------------------------------------------------------
Solution GNSS :
----------------------------------------------------------
XYZ - ECEF   : 4200739.7399    179783.8314   4780168.5544    
RGF 93 - Géo : 2.45065703 48.85625063 149.756
Lambert 93   : 659692.705 6861941.650 149.756

IGNF: 4201694.1440   177888.8370  4779371.7670 
PANA: 4201030.6890   175603.7900  4780030.2470
LDB_IGNF:   -954.40   1894.99    796.79   [2.3 km]
LDB_PANA:   -290.95   4180.04    138.31   [4.2 km]
----------------------------------------------------------

Google Maps : 48.85625063 2.45065703

